POLLUTED

[107.   0.   0.   0.   0.   0.   0.   0.   0.   0.] [8.03825629e+01 1.99284223e+01 5.11786659e+00 1.17723506e+00
 3.15513106e-01 6.10637911e-02 1.35338856e-02 3.10794091e-03
 6.94487505e-04 0.00000000e+00]
[107.   0.   0.   0.   0.   0.   0.   0.   0.   0.   0.] [7.65426165e+01 2.17196611e+01 6.29028490e+00 1.81469743e+00
 4.61071382e-01 1.34605819e-01 2.58540411e-02 8.71776326e-03
 2.29267198e-03 1.98425002e-04 0.00000000e+00]
[107.   0.   0.   0.   0.   0.   0.   0.   0.   0.   0.   0.] [7.29553699e+01 2.32032885e+01 7.40145216e+00 2.50667679e+00
 6.18559009e-01 2.36253566e-01 5.77991588e-02 1.35029364e-02
 5.59903789e-03 1.39975947e-03 9.92125008e-05 0.00000000e+00]
[107.   0.   0.   0.   0.   0.   0.   0.   0.   0.   0.   0.   0.] [6.96142113e+01 2.45220093e+01 8.44313950e+00 3.03573861e+00
 9.01955688e-01 3.29996491e-01 1.11981021e-01 2.69382069e-02
 9.72067273e-03 3.31715037e-03 9.92125008e-04 0.00000000e+00
 0.00000000e+00]
[107.   0.   0.   0.   0.   0.   0.   0.   0.   0.   0.   0.   0.   0.] [6.62812856e+01 2.58520254e+01 9.37323595e+00 3.50321173e+00
 1.30483717e+00 4.21384511e-01 1.85619507e-01 5.23935852e-02
 1.61089911e-02 6.70115986e-03 2.30345644e-03 8.92912507e-04
 0.00000000e+00 0.00000000e+00]
num ss bins:  4
num z bins:  10
chi sq val:  32.86676168247059

[107.   0.   0.   0.   0.   0.   0.   0.   0.   0.] [7.87100502e+01 2.09537862e+01 4.89450135e+00 1.08894881e+00
 2.83001373e-01 5.45213180e-02 1.18596747e-02 2.72349247e-03
 6.07676567e-04 0.00000000e+00]
[107.   0.   0.   0.   0.   0.   0.   0.   0.   0.   0.] [7.45068633e+01 2.31350315e+01 6.09128473e+00 1.69556781e+00
 4.18167434e-01 1.19877463e-01 2.33879292e-02 7.63882732e-03
 2.00743604e-03 1.73621876e-04 0.00000000e+00]
[107.   0.   0.   0.   0.   0.   0.   0.   0.   0.   0.   0.] [7.06354833e+01 2.49114248e+01 7.24062897e+00 2.36688018e+00
 5.64438968e-01 2.11431530e-01 5.15167587e-02 1.19779040e-02
 4.90455038e-03 1.22613760e-03 8.68109382e-05 0.00000000e+00]
[107.   0.   0.   0.   0.   0.   0.   0.   0.   0.   0.   0.   0.] [6.68883444e+01 2.66205189e+01 8.34505387e+00 2.87944149e+00
 8.33221965e-01 2.96863683e-01 9.99254422e-02 2.43365175e-02
 8.51772116e-03 2.90789881e-03 8.68109382e-04 0.00000000e+00
 0.00000000e+00]
[107.   0.   0.   0.   0.   0.   0.   0.   0.   0.   0.   0.   0.   0.] [6.28676060e+01 2.85640211e+01 9.39156820e+00 3.34103968e+00
 1.21685086e+00 3.82935620e-01 1.66266381e-01 4.64949139e-02
 1.45474736e-02 5.87025517e-03 2.01822050e-03 7.81298444e-04
 0.00000000e+00 0.00000000e+00]
num ss bins:  4
num z bins:  20
chi sq val:  37.05643380510748

[107.   0.   0.   0.   0.   0.   0.   0.   0.   0.] [7.76256866e+01 2.03347862e+01 4.65939721e+00 1.03983970e+00
 2.72362769e-01 5.27683157e-02 1.18295049e-02 2.71640483e-03
 6.13381736e-04 0.00000000e+00]
[107.   0.   0.   0.   0.   0.   0.   0.   0.   0.   0.] [7.34231933e+01 2.26234816e+01 5.79069058e+00 1.61135566e+00
 4.03172486e-01 1.15188100e-01 2.31041286e-02 7.62345872e-03
 2.01539713e-03 1.75251925e-04 0.00000000e+00]
[107.   0.   0.   0.   0.   0.   0.   0.   0.   0.   0.   0.] [6.94265854e+01 2.46399198e+01 6.87073746e+00 2.24867830e+00
 5.42824968e-01 2.03326501e-01 4.97948581e-02 1.19113058e-02
 4.90705389e-03 1.22676347e-03 8.76259623e-05 0.00000000e+00]
[107.   0.   0.   0.   0.   0.   0.   0.   0.   0.   0.   0.   0.] [6.55157814e+01 2.66132895e+01 7.91585914e+00 2.74063418e+00
 7.96680732e-01 2.85404075e-01 9.61748601e-02 2.39085343e-02
 8.49971835e-03 2.89165676e-03 8.76259623e-04 0.00000000e+00
 0.00000000e+00]
[107.   0.   0.   0.   0.   0.   0.   0.   0.   0.   0.   0.   0.   0.] [6.13215171e+01 2.87980406e+01 8.94237639e+00 3.18467549e+00
 1.15628149e+00 3.69228321e-01 1.59952932e-01 4.48118285e-02
 1.44408085e-02 5.87093948e-03 2.01539713e-03 7.88633661e-04
 0.00000000e+00 0.00000000e+00]
[107.   0.   0.   0.   0.   0.   0.   0.   0.   0.   0.   0.   0.   0.
   0.] [5.74859201e+01 3.06849855e+01 9.78956703e+00 3.65566523e+00
 1.56978299e+00 4.73788700e-01 2.19597017e-01 8.14502809e-02
 2.40837863e-02 8.93784816e-03 4.29367215e-03 1.31438943e-03
 6.13381736e-04 0.00000000e+00 0.00000000e+00]
num ss bins:  4
num z bins:  30
chi sq val:  44.58090583016973

[107.   0.   0.   0.   0.   0.   0.   0.   0.   0.   0.   0.   0.   0.
   0.] [6.30834819e+01 2.71174924e+01 1.01100109e+01 3.99705419e+00
 1.75874799e+00 5.39299470e-01 2.54064352e-01 9.52119942e-02
 2.73005512e-02 1.02383042e-02 4.90455038e-03 1.49897197e-03
 6.94487505e-04 0.00000000e+00 0.00000000e+00]
num ss bins:  4
num z bins:  10
chi sq val:  37.24483257289701

[107.   0.   0.   0.   0.   0.   0.   0.   0.   0.   0.   0.   0.   0.
   0.] [5.91671186e+01 3.02472043e+01 1.02495134e+01 3.83677794e+00
 1.65380309e+00 4.92869125e-01 2.28132413e-01 8.47286210e-02
 2.46616571e-02 8.97334477e-03 4.29687382e-03 1.31294853e-03
 6.07676567e-04 0.00000000e+00 0.00000000e+00]
num ss bins:  4
num z bins:  20
chi sq val:  42.75137366253535

[107.   0.   0.   0.   0.   0.   0.   0.   0.   0.   0.   0.   0.   0.
   0.] [5.74859201e+01 3.06849855e+01 9.78956703e+00 3.65566523e+00
 1.56978299e+00 4.73788700e-01 2.19597017e-01 8.14502809e-02
 2.40837863e-02 8.93784816e-03 4.29367215e-03 1.31438943e-03
 6.13381736e-04 0.00000000e+00 0.00000000e+00]
num ss bins:  4
num z bins:  30
chi sq val:  44.58090583016973

[107.   0.   0.   0.   0.   0.   0.   0.   0.   0.   0.   0.   0.   0.
   0.   0.   0.   0.   0.   0.] [5.05762918e+01 2.98062711e+01 1.30805305e+01 6.84789174e+00
 3.24912539e+00 1.86874119e+00 8.20406871e-01 3.56828192e-01
 2.08290699e-01 1.07222407e-01 4.42790730e-02 1.67847181e-02
 7.83563522e-03 5.69825039e-03 2.30345644e-03 8.04484468e-04
 6.94487505e-04 0.00000000e+00 0.00000000e+00 0.00000000e+00]
num ss bins:  5
num z bins:  10
chi sq val:  39.79029548709954

[107.   0.   0.   0.   0.   0.   0.   0.   0.   0.   0.   0.   0.   0.
   0.   0.   0.   0.   0.   0.] [4.55594855e+01 3.31505647e+01 1.41058986e+01 6.84788760e+00
 3.12370085e+00 1.77080050e+00 7.63463433e-01 3.25485380e-01
 1.87014034e-01 9.59873387e-02 3.90865712e-02 1.54347468e-02
 6.86831333e-03 4.99136132e-03 2.01822050e-03 7.05271967e-04
 6.07676567e-04 0.00000000e+00 0.00000000e+00 0.00000000e+00]
num ss bins:  5
num z bins:  20
chi sq val:  47.76594449986917

[107.   0.   0.   0.   0.   0.   0.   0.   0.   0.   0.   0.   0.   0.
   0.   0.   0.   0.   0.   0.] [4.34814629e+01 3.41442237e+01 1.38337635e+01 6.50102265e+00
 2.97676992e+00 1.68262730e+00 7.25921940e-01 3.13917760e-01
 1.80115975e-01 9.22467941e-02 3.75505238e-02 1.52177920e-02
 6.83482506e-03 4.99467985e-03 2.01539713e-03 7.01007699e-04
 6.13381736e-04 0.00000000e+00 0.00000000e+00 0.00000000e+00]
num ss bins:  5
num z bins:  30
chi sq val:  51.10253609697835

[107.   0.   0.   0.   0.   0.   0.   0.   0.   0.   0.   0.   0.   0.
   0.   0.   0.   0.   0.   0.   0.   0.   0.   0.   0.] [4.19219901e+01 2.93245096e+01 1.57494340e+01 8.14023838e+00
 5.17481308e+00 2.77257484e+00 1.73167789e+00 1.04880595e+00
 4.74492310e-01 2.67550659e-01 1.74548805e-01 1.09640964e-01
 5.58439563e-02 2.50518775e-02 1.14912937e-02 6.73351325e-03
 4.39770342e-03 3.51557537e-03 1.68661251e-03 3.08421964e-04
 6.94487505e-04 0.00000000e+00 0.00000000e+00 0.00000000e+00
 0.00000000e+00]
num ss bins:  6
num z bins:  10
chi sq val:  41.525623246448475

[107.   0.   0.   0.   0.   0.   0.   0.   0.   0.   0.   0.   0.   0.
   0.   0.   0.   0.   0.   0.   0.   0.   0.   0.   0.] [3.66011290e+01 3.21408332e+01 1.73120318e+01 8.46638161e+00
 5.14346077e+00 2.67255646e+00 1.64376664e+00 9.85679549e-01
 4.36805897e-01 2.44641620e-01 1.56960727e-01 9.81648548e-02
 4.96116956e-02 2.22851655e-02 1.05002482e-02 5.90260855e-03
 3.85203467e-03 3.08152068e-03 1.47578595e-03 2.71217276e-04
 6.07676567e-04 0.00000000e+00 0.00000000e+00 0.00000000e+00
 0.00000000e+00]
num ss bins:  6
num z bins:  20
chi sq val:  51.201139696181876

[107.   0.   0.   0.   0.   0.   0.   0.   0.   0.   0.   0.   0.   0.
   0.   0.   0.   0.   0.   0.   0.   0.   0.   0.   0.] [3.43835775e+01 3.30653982e+01 1.74523356e+01 8.19239235e+00
 4.86676912e+00 2.54693927e+00 1.56441029e+00 9.34786183e-01
 4.16974456e-01 2.36126721e-01 1.51306581e-01 9.42678039e-02
 4.76222581e-02 2.15244277e-02 1.04100142e-02 5.87093948e-03
 3.85554234e-03 3.06690868e-03 1.48964136e-03 2.62877887e-04
 6.13381736e-04 0.00000000e+00 0.00000000e+00 0.00000000e+00
 0.00000000e+00]
bump in rebinned pdf
num ss bins:  6
num z bins:  30
chi sq val:  55.74468277517428

[107.   0.   0.   0.   0.   0.   0.   0.   0.   0.   0.   0.   0.   0.
   0.   0.   0.   0.   0.   0.   0.   0.   0.   0.   0.   0.   0.   0.
   0.   0.] [3.55285193e+01 2.75549626e+01 1.72990810e+01 9.81841143e+00
 5.95768408e+00 4.15232677e+00 2.41392131e+00 1.58313288e+00
 1.12081240e+00 6.37935592e-01 3.26317138e-01 2.12982332e-01
 1.48094190e-01 1.05970162e-01 6.14487542e-02 3.37632399e-02
 1.73190139e-02 9.98153731e-03 5.73060378e-03 4.50770038e-03
 3.29558145e-03 1.60896894e-03 1.20133447e-03 2.97637502e-04
 5.95275005e-04 9.92125008e-05 0.00000000e+00 0.00000000e+00
 0.00000000e+00 0.00000000e+00]
bump in rebinned pdf
num ss bins:  7
num z bins:  10
chi sq val:  43.04963220451868

[107.   0.   0.   0.   0.   0.   0.   0.   0.   0.   0.   0.   0.   0.
   0.   0.   0.   0.   0.   0.   0.   0.   0.   0.   0.   0.   0.   0.
   0.   0.] [3.02195731e+01 2.89475455e+01 1.95429316e+01 1.07042728e+01
 6.13258526e+00 4.11692811e+00 2.32831268e+00 1.50846526e+00
 1.05772341e+00 5.96079688e-01 2.97934509e-01 1.94934616e-01
 1.32986039e-01 9.51463735e-02 5.48689601e-02 2.98596609e-02
 1.54851419e-02 9.17651518e-03 5.02371471e-03 3.94963007e-03
 2.88632988e-03 1.41054393e-03 1.05251572e-03 2.60432815e-04
 5.20865629e-04 8.68109382e-05 0.00000000e+00 0.00000000e+00
 0.00000000e+00 0.00000000e+00]
bump in rebinned pdf
num ss bins:  7
num z bins:  20
chi sq val:  54.17208299175961

[107.   0.   0.   0.   0.   0.   0.   0.   0.   0.   0.   0.   0.   0.
   0.   0.   0.   0.   0.   0.   0.   0.   0.   0.   0.   0.   0.   0.
   0.   0.] [2.80088145e+01 2.94771056e+01 2.01397664e+01 1.05452191e+01
 5.89559948e+00 3.89396755e+00 2.21655782e+00 1.43910741e+00
 1.00373199e+00 5.66051001e-01 2.85703241e-01 1.88085459e-01
 1.28043710e-01 9.15533073e-02 5.27657515e-02 2.86845295e-02
 1.49881615e-02 9.09562479e-03 4.99467985e-03 3.94316830e-03
 2.89165676e-03 1.40201540e-03 1.05151155e-03 2.62877887e-04
 5.25755774e-04 8.76259623e-05 0.00000000e+00 0.00000000e+00
 0.00000000e+00 0.00000000e+00]
bump in rebinned pdf
num ss bins:  7
num z bins:  30
chi sq val:  59.752835315516116

[107.   0.   0.   0.   0.   0.   0.   0.   0.   0.   0.   0.   0.   0.
   0.   0.   0.   0.   0.   0.   0.   0.   0.   0.   0.   0.   0.   0.
   0.   0.   0.   0.   0.   0.   0.] [2.99114731e+01 2.60503236e+01 1.81676107e+01 1.12485192e+01
 6.75538443e+00 4.72798712e+00 3.44968700e+00 2.14394330e+00
 1.44331903e+00 1.11151124e+00 7.45712629e-01 4.21653759e-01
 2.48004571e-01 1.80957126e-01 1.29893599e-01 1.00696239e-01
 6.21264928e-02 4.02934161e-02 2.23811161e-02 1.25158283e-02
 8.67020588e-03 4.92611931e-03 4.39770342e-03 2.90951591e-03
 1.90660644e-03 1.30054697e-03 9.03696969e-04 2.97637502e-04
 4.96062504e-04 1.98425002e-04 0.00000000e+00 0.00000000e+00
 0.00000000e+00 0.00000000e+00 0.00000000e+00]
bump in rebinned pdf
num ss bins:  8
num z bins:  10
chi sq val:  45.9604711352267

[107.   0.   0.   0.   0.   0.   0.   0.   0.   0.   0.   0.   0.   0.
   0.   0.   0.   0.   0.   0.   0.   0.   0.   0.   0.   0.   0.   0.
   0.   0.   0.   0.   0.   0.   0.] [2.49845446e+01 2.66628261e+01 2.02663807e+01 1.24002690e+01
 7.11760675e+00 4.81742977e+00 3.41477943e+00 2.07139989e+00
 1.37401025e+00 1.05498853e+00 6.99834597e-01 3.91199191e-01
 2.26374979e-01 1.65642725e-01 1.16734992e-01 9.02888119e-02
 5.57959446e-02 3.57404181e-02 1.96712899e-02 1.12648298e-02
 8.02640406e-03 4.31844274e-03 3.85203467e-03 2.54987059e-03
 1.67097675e-03 1.13932666e-03 7.92082905e-04 2.60432815e-04
 4.34054691e-04 1.73621876e-04 0.00000000e+00 0.00000000e+00
 0.00000000e+00 0.00000000e+00 0.00000000e+00]
bump in rebinned pdf
num ss bins:  8
num z bins:  20
chi sq val:  58.37388207293529

[107.   0.   0.   0.   0.   0.   0.   0.   0.   0.   0.   0.   0.   0.
   0.   0.   0.   0.   0.   0.   0.   0.   0.   0.   0.   0.   0.   0.
   0.   0.   0.   0.   0.   0.   0.] [2.29440150e+01 2.68281924e+01 2.09894696e+01 1.24203354e+01
 6.93754551e+00 4.61067560e+00 3.23023933e+00 1.97168734e+00
 1.31208816e+00 1.00236145e+00 6.63728603e-01 3.72012747e-01
 2.17737988e-01 1.59620636e-01 1.12409836e-01 8.67669143e-02
 5.37218293e-02 3.42156983e-02 1.90153258e-02 1.10449932e-02
 7.95648728e-03 4.29367215e-03 3.85554234e-03 2.54115291e-03
 1.66489328e-03 1.13913751e-03 7.88633661e-04 2.62877887e-04
 4.38129812e-04 1.75251925e-04 0.00000000e+00 0.00000000e+00
 0.00000000e+00 0.00000000e+00 0.00000000e+00]
bump in rebinned pdf
num ss bins:  8
num z bins:  30
chi sq val:  64.83287229579518
