UNPOLLUTED

[107.   0.   0.   0.   0.   0.   0.   0.   0.   0.] [8.03825629e+01 1.99284223e+01 5.11786659e+00 1.17723506e+00
 3.15513106e-01 6.10637911e-02 1.35338856e-02 3.10794091e-03
 6.94487505e-04 0.00000000e+00]
[107.   0.   0.   0.   0.   0.   0.   0.   0.   0.   0.] [7.65426165e+01 2.17196611e+01 6.29028490e+00 1.81469743e+00
 4.61071382e-01 1.34605819e-01 2.58540411e-02 8.71776326e-03
 2.29267198e-03 1.98425002e-04 0.00000000e+00]
[107.   0.   0.   0.   0.   0.   0.   0.   0.   0.   0.   0.] [7.29553699e+01 2.32032885e+01 7.40145216e+00 2.50667679e+00
 6.18559009e-01 2.36253566e-01 5.77991588e-02 1.35029364e-02
 5.59903789e-03 1.39975947e-03 9.92125008e-05 0.00000000e+00]
[107.   0.   0.   0.   0.   0.   0.   0.   0.   0.   0.   0.   0.] [6.96142113e+01 2.45220093e+01 8.44313950e+00 3.03573861e+00
 9.01955688e-01 3.29996491e-01 1.11981021e-01 2.69382069e-02
 9.72067273e-03 3.31715037e-03 9.92125008e-04 0.00000000e+00
 0.00000000e+00]
[107.   0.   0.   0.   0.   0.   0.   0.   0.   0.   0.   0.   0.   0.] [6.62812856e+01 2.58520254e+01 9.37323595e+00 3.50321173e+00
 1.30483717e+00 4.21384511e-01 1.85619507e-01 5.23935852e-02
 1.61089911e-02 6.70115986e-03 2.30345644e-03 8.92912507e-04
 0.00000000e+00 0.00000000e+00]
num ss bins:  4
num z bins:  10
chi sq val:  32.86676168247059

[107.   0.   0.   0.   0.   0.   0.   0.   0.   0.] [7.87100502e+01 2.09537862e+01 4.89450135e+00 1.08894881e+00
 2.83001373e-01 5.45213180e-02 1.18596747e-02 2.72349247e-03
 6.07676567e-04 0.00000000e+00]
[107.   0.   0.   0.   0.   0.   0.   0.   0.   0.   0.] [7.45068633e+01 2.31350315e+01 6.09128473e+00 1.69556781e+00
 4.18167434e-01 1.19877463e-01 2.33879292e-02 7.63882732e-03
 2.00743604e-03 1.73621876e-04 0.00000000e+00]
[107.   0.   0.   0.   0.   0.   0.   0.   0.   0.   0.   0.] [7.06354833e+01 2.49114248e+01 7.24062897e+00 2.36688018e+00
 5.64438968e-01 2.11431530e-01 5.15167587e-02 1.19779040e-02
 4.90455038e-03 1.22613760e-03 8.68109382e-05 0.00000000e+00]
[107.   0.   0.   0.   0.   0.   0.   0.   0.   0.   0.   0.   0.] [6.68883444e+01 2.66205189e+01 8.34505387e+00 2.87944149e+00
 8.33221965e-01 2.96863683e-01 9.99254422e-02 2.43365175e-02
 8.51772116e-03 2.90789881e-03 8.68109382e-04 0.00000000e+00
 0.00000000e+00]
[107.   0.   0.   0.   0.   0.   0.   0.   0.   0.   0.   0.   0.   0.] [6.28676060e+01 2.85640211e+01 9.39156820e+00 3.34103968e+00
 1.21685086e+00 3.82935620e-01 1.66266381e-01 4.64949139e-02
 1.45474736e-02 5.87025517e-03 2.01822050e-03 7.81298444e-04
 0.00000000e+00 0.00000000e+00]
num ss bins:  4
num z bins:  20
chi sq val:  37.05643380510748

[107.   0.   0.   0.   0.   0.   0.   0.   0.   0.] [7.76256866e+01 2.03347862e+01 4.65939721e+00 1.03983970e+00
 2.72362769e-01 5.27683157e-02 1.18295049e-02 2.71640483e-03
 6.13381736e-04 0.00000000e+00]
[107.   0.   0.   0.   0.   0.   0.   0.   0.   0.   0.] [7.34231933e+01 2.26234816e+01 5.79069058e+00 1.61135566e+00
 4.03172486e-01 1.15188100e-01 2.31041286e-02 7.62345872e-03
 2.01539713e-03 1.75251925e-04 0.00000000e+00]
[107.   0.   0.   0.   0.   0.   0.   0.   0.   0.   0.   0.] [6.94265854e+01 2.46399198e+01 6.87073746e+00 2.24867830e+00
 5.42824968e-01 2.03326501e-01 4.97948581e-02 1.19113058e-02
 4.90705389e-03 1.22676347e-03 8.76259623e-05 0.00000000e+00]
[107.   0.   0.   0.   0.   0.   0.   0.   0.   0.   0.   0.   0.] [6.55157814e+01 2.66132895e+01 7.91585914e+00 2.74063418e+00
 7.96680732e-01 2.85404075e-01 9.61748601e-02 2.39085343e-02
 8.49971835e-03 2.89165676e-03 8.76259623e-04 0.00000000e+00
 0.00000000e+00]
[107.   0.   0.   0.   0.   0.   0.   0.   0.   0.   0.   0.   0.   0.] [6.13215171e+01 2.87980406e+01 8.94237639e+00 3.18467549e+00
 1.15628149e+00 3.69228321e-01 1.59952932e-01 4.48118285e-02
 1.44408085e-02 5.87093948e-03 2.01539713e-03 7.88633661e-04
 0.00000000e+00 0.00000000e+00]
[107.   0.   0.   0.   0.   0.   0.   0.   0.   0.   0.   0.   0.   0.
   0.] [5.74859201e+01 3.06849855e+01 9.78956703e+00 3.65566523e+00
 1.56978299e+00 4.73788700e-01 2.19597017e-01 8.14502809e-02
 2.40837863e-02 8.93784816e-03 4.29367215e-03 1.31438943e-03
 6.13381736e-04 0.00000000e+00 0.00000000e+00]
num ss bins:  4
num z bins:  30
chi sq val:  44.58090583016973

[107.   0.   0.   0.   0.   0.   0.   0.   0.   0.   0.   0.   0.   0.
   0.] [6.30834819e+01 2.71174924e+01 1.01100109e+01 3.99705419e+00
 1.75874799e+00 5.39299470e-01 2.54064352e-01 9.52119942e-02
 2.73005512e-02 1.02383042e-02 4.90455038e-03 1.49897197e-03
 6.94487505e-04 0.00000000e+00 0.00000000e+00]
num ss bins:  4
num z bins:  10
chi sq val:  37.24483257289701

[107.   0.   0.   0.   0.   0.   0.   0.   0.   0.   0.   0.   0.   0.
   0.] [5.91671186e+01 3.02472043e+01 1.02495134e+01 3.83677794e+00
 1.65380309e+00 4.92869125e-01 2.28132413e-01 8.47286210e-02
 2.46616571e-02 8.97334477e-03 4.29687382e-03 1.31294853e-03
 6.07676567e-04 0.00000000e+00 0.00000000e+00]
num ss bins:  4
num z bins:  20
chi sq val:  42.75137366253535

[107.   0.   0.   0.   0.   0.   0.   0.   0.   0.   0.   0.   0.   0.
   0.] [5.74859201e+01 3.06849855e+01 9.78956703e+00 3.65566523e+00
 1.56978299e+00 4.73788700e-01 2.19597017e-01 8.14502809e-02
 2.40837863e-02 8.93784816e-03 4.29367215e-03 1.31438943e-03
 6.13381736e-04 0.00000000e+00 0.00000000e+00]
num ss bins:  4
num z bins:  30
chi sq val:  44.58090583016973

[107.   0.   0.   0.   0.   0.   0.   0.   0.   0.   0.   0.   0.   0.
   0.   0.   0.   0.   0.   0.] [5.05762918e+01 2.98062711e+01 1.30805305e+01 6.84789174e+00
 3.24912539e+00 1.86874119e+00 8.20406871e-01 3.56828192e-01
 2.08290699e-01 1.07222407e-01 4.42790730e-02 1.67847181e-02
 7.83563522e-03 5.69825039e-03 2.30345644e-03 8.04484468e-04
 6.94487505e-04 0.00000000e+00 0.00000000e+00 0.00000000e+00]
num ss bins:  5
num z bins:  10
chi sq val:  39.79029548709954

[107.   0.   0.   0.   0.   0.   0.   0.   0.   0.   0.   0.   0.   0.
   0.   0.   0.   0.   0.   0.] [4.55594855e+01 3.31505647e+01 1.41058986e+01 6.84788760e+00
 3.12370085e+00 1.77080050e+00 7.63463433e-01 3.25485380e-01
 1.87014034e-01 9.59873387e-02 3.90865712e-02 1.54347468e-02
 6.86831333e-03 4.99136132e-03 2.01822050e-03 7.05271967e-04
 6.07676567e-04 0.00000000e+00 0.00000000e+00 0.00000000e+00]
num ss bins:  5
num z bins:  20
chi sq val:  47.76594449986917

[107.   0.   0.   0.   0.   0.   0.   0.   0.   0.   0.   0.   0.   0.
   0.   0.   0.   0.   0.   0.] [4.34814629e+01 3.41442237e+01 1.38337635e+01 6.50102265e+00
 2.97676992e+00 1.68262730e+00 7.25921940e-01 3.13917760e-01
 1.80115975e-01 9.22467941e-02 3.75505238e-02 1.52177920e-02
 6.83482506e-03 4.99467985e-03 2.01539713e-03 7.01007699e-04
 6.13381736e-04 0.00000000e+00 0.00000000e+00 0.00000000e+00]
num ss bins:  5
num z bins:  30
chi sq val:  51.10253609697835

[107.   0.   0.   0.   0.   0.   0.   0.   0.   0.   0.   0.   0.   0.
   0.   0.   0.   0.   0.   0.   0.   0.   0.   0.   0.] [4.19219901e+01 2.93245096e+01 1.57494340e+01 8.14023838e+00
 5.17481308e+00 2.77257484e+00 1.73167789e+00 1.04880595e+00
 4.74492310e-01 2.67550659e-01 1.74548805e-01 1.09640964e-01
 5.58439563e-02 2.50518775e-02 1.14912937e-02 6.73351325e-03
 4.39770342e-03 3.51557537e-03 1.68661251e-03 3.08421964e-04
 6.94487505e-04 0.00000000e+00 0.00000000e+00 0.00000000e+00
 0.00000000e+00]
num ss bins:  6
num z bins:  10
chi sq val:  41.525623246448475

[107.   0.   0.   0.   0.   0.   0.   0.   0.   0.   0.   0.   0.   0.
   0.   0.   0.   0.   0.   0.   0.   0.   0.   0.   0.] [3.66011290e+01 3.21408332e+01 1.73120318e+01 8.46638161e+00
 5.14346077e+00 2.67255646e+00 1.64376664e+00 9.85679549e-01
 4.36805897e-01 2.44641620e-01 1.56960727e-01 9.81648548e-02
 4.96116956e-02 2.22851655e-02 1.05002482e-02 5.90260855e-03
 3.85203467e-03 3.08152068e-03 1.47578595e-03 2.71217276e-04
 6.07676567e-04 0.00000000e+00 0.00000000e+00 0.00000000e+00
 0.00000000e+00]
num ss bins:  6
num z bins:  20
chi sq val:  51.201139696181876

UNPOLLUTED

[107.   0.   0.   0.   0.   0.   0.   0.   0.   0.] [7.53702043e+01 1.78481482e+01 9.27559725e+00 3.28153840e+00
 8.95092800e-01 2.47137816e-01 6.19981037e-02 1.74668741e-02
 1.79335531e-03 1.02291980e-03]
[107.   0.   0.   0.   0.   0.   0.   0.   0.   0.   0.] [7.29098381e+01 1.78843149e+01 9.90150906e+00 4.31876698e+00
 1.39058986e+00 4.18181492e-01 1.27687288e-01 3.86335306e-02
 8.31057660e-03 1.14525566e-03 1.02291980e-03]
num ss bins:  4
num z bins:  10
chi sq val:  25.014781367402744

[107.   0.   0.   0.   0.   0.   0.   0.   0.   0.] [7.10405126e+01 1.83791889e+01 9.16483482e+00 3.21017281e+00
 9.12191194e-01 2.22849061e-01 5.32621749e-02 1.46897741e-02
 1.46751725e-03 8.31122335e-04]
[107.   0.   0.   0.   0.   0.   0.   0.   0.   0.   0.] [6.84532829e+01 1.84789617e+01 9.88392065e+00 4.22687470e+00
 1.42241205e+00 3.81004483e-01 1.11973046e-01 3.30209254e-02
 6.71574796e-03 1.00274871e-03 8.31122335e-04]
num ss bins:  4
num z bins:  20
chi sq val:  28.12637640538022

[107.   0.   0.   0.   0.   0.   0.   0.   0.   0.] [6.55791886e+01 1.54011946e+01 7.59323479e+00 2.48770882e+00
 7.17969118e-01 1.81731187e-01 3.22108193e-02 6.21617771e-03
 4.17965185e-04 1.27864975e-04]
[107.   0.   0.   0.   0.   0.   0.   0.   0.   0.   0.] [6.33095980e+01 1.56713502e+01 8.15616497e+00 3.38390345e+00
 1.07306354e+00 3.09212583e-01 7.48935588e-02 1.84986327e-02
 2.90231445e-03 2.84858796e-04 1.27864975e-04]
[107.   0.   0.   0.   0.   0.   0.   0.   0.   0.   0.   0.] [6.13667174e+01 1.57012293e+01 8.49989880e+00 4.23958648e+00
 1.44471468e+00 5.27149335e-01 1.70203145e-01 3.79559984e-02
 1.01140086e-02 2.09665227e-03 2.06345648e-04 1.27864975e-04]
num ss bins:  4
num z bins:  30
chi sq val:  32.28346447854502

[107.   0.   0.   0.   0.   0.   0.   0.   0.   0.   0.   0.   0.   0.
   0.] [6.53157446e+01 1.75120286e+01 1.03905794e+01 7.01175576e+00
 3.81835252e+00 1.72702737e+00 7.15281598e-01 2.98458586e-01
 1.28490432e-01 4.86445885e-02 2.33518526e-02 7.46853678e-03
 1.79335531e-03 5.11459898e-04 5.11459898e-04]
num ss bins:  5
num z bins:  10
chi sq val:  22.762328656736674

[107.   0.   0.   0.   0.   0.   0.   0.   0.   0.   0.   0.   0.   0.
   0.] [6.05070586e+01 1.82587617e+01 1.06538812e+01 6.94942857e+00
 3.73108818e+00 1.69449088e+00 7.49748649e-01 2.71038223e-01
 1.14253383e-01 4.20459189e-02 1.97334185e-02 6.17261158e-03
 1.46751725e-03 4.15561167e-04 4.15561167e-04]
num ss bins:  5
num z bins:  20
chi sq val:  26.07253106396967

[107.   0.   0.   0.   0.   0.   0.   0.   0.   0.   0.   0.   0.   0.
   0.] [5.62541902e+01 1.58172911e+01 8.90890197e+00 5.78202802e+00
 3.04502069e+00 1.25389490e+00 5.93844365e-01 2.24858834e-01
 8.09971063e-02 2.64279557e-02 9.32816852e-03 2.67087284e-03
 4.17965185e-04 6.39324873e-05 6.39324873e-05]
num ss bins:  5
num z bins:  30
chi sq val:  27.174205667832418

[107.   0.   0.   0.   0.   0.   0.   0.   0.   0.   0.   0.   0.   0.
   0.   0.   0.   0.   0.   0.] [5.88304707e+01 1.65397336e+01 1.04804834e+01 7.36766471e+00
 5.54282589e+00 3.73277135e+00 2.12112478e+00 1.16041362e+00
 5.92000050e-01 3.03092749e-01 1.63117353e-01 8.40204634e-02
 4.00071961e-02 2.19909076e-02 1.12240492e-02 6.24282490e-03
 1.28189541e-03 5.11459898e-04 5.11459898e-04 5.11459898e-04]
num ss bins:  6
num z bins:  10
chi sq val:  21.90250891349217

[107.   0.   0.   0.   0.   0.   0.   0.   0.   0.   0.   0.   0.   0.
   0.   0.   0.   0.   0.   0.] [5.34765701e+01 1.75639425e+01 1.08661554e+01 7.51303358e+00
 5.48849322e+00 3.67634160e+00 2.04286434e+00 1.16730848e+00
 6.36522864e-01 2.75668329e-01 1.49067532e-01 7.37815288e-02
 3.47599881e-02 1.85021867e-02 9.38888317e-03 5.30089089e-03
 1.05195608e-03 4.15561167e-04 4.15561167e-04 4.15561167e-04]
num ss bins:  6
num z bins:  20
chi sq val:  25.773440198927986

[107.   0.   0.   0.   0.   0.   0.   0.   0.   0.   0.   0.   0.   0.
   0.   0.   0.   0.   0.   0.] [4.98720378e+01 1.57071508e+01 9.15509737e+00 6.24609724e+00
 4.58746223e+00 3.00577256e+00 1.67285300e+00 8.14855818e-01
 5.06722812e-01 2.11246306e-01 1.31356560e-01 5.03746271e-02
 2.16236830e-02 1.05871363e-02 4.33114498e-03 1.88503274e-03
 3.54032698e-04 6.39324873e-05 6.39324873e-05 6.39324873e-05]
bump in rebinned pdf
num ss bins:  6
num z bins:  30
chi sq val:  26.89187978976431

[107.   0.   0.   0.   0.   0.   0.   0.   0.   0.   0.   0.   0.   0.
   0.   0.   0.   0.   0.   0.   0.   0.   0.   0.   0.] [5.40692034e+01 1.56194835e+01 1.03993054e+01 7.41955161e+00
 5.71080855e+00 4.56169688e+00 3.45366655e+00 2.27743481e+00
 1.40483330e+00 8.59504112e-01 5.01242089e-01 2.98561690e-01
 1.68492617e-01 1.12433211e-01 6.15010079e-02 3.61242247e-02
 1.98706441e-02 1.38686792e-02 7.79674375e-03 1.80468601e-03
 1.20252779e-03 5.90827519e-04 0.00000000e+00 5.11459898e-04
 5.11459898e-04]
bump in rebinned pdf
num ss bins:  8
num z bins:  10
chi sq val:  17.457859175708727

[107.   0.   0.   0.   0.   0.   0.   0.   0.   0.   0.   0.   0.   0.
   0.   0.   0.   0.   0.   0.   0.   0.   0.   0.   0.] [4.82232085e+01 1.68663558e+01 1.07623672e+01 7.77103741e+00
 5.79673260e+00 4.49395033e+00 3.41954316e+00 2.25794051e+00
 1.36032610e+00 8.43247536e-01 5.52997084e-01 2.72335932e-01
 1.54485711e-01 1.01099604e-01 5.41219238e-02 3.13382951e-02
 1.68237214e-02 1.17892814e-02 6.39310561e-03 1.60754542e-03
 8.94909943e-04 5.72607305e-04 0.00000000e+00 4.15561167e-04
 4.15561167e-04]
bump in rebinned pdf
num ss bins:  8
num z bins:  20
chi sq val:  21.06946722921

[107.   0.   0.   0.   0.   0.   0.   0.   0.   0.   0.   0.   0.   0.
   0.   0.   0.   0.   0.   0.   0.   0.   0.   0.   0.] [4.50377953e+01 1.53985381e+01 9.29613974e+00 6.44331810e+00
 4.80459199e+00 3.81815517e+00 2.77483715e+00 1.80165720e+00
 1.07673874e+00 6.09555354e-01 4.22554830e-01 2.31630525e-01
 1.35397063e-01 7.22582359e-02 3.78596512e-02 1.83903908e-02
 1.12999292e-02 5.22329244e-03 2.48040734e-03 1.03297722e-03
 2.11619536e-04 2.06345648e-04 0.00000000e+00 6.39324873e-05
 6.39324873e-05]
bump in rebinned pdf
num ss bins:  7
num z bins:  30
chi sq val:  26.441742661829455

[107.   0.   0.   0.   0.   0.   0.   0.   0.   0.   0.   0.   0.   0.
   0.   0.   0.   0.   0.   0.   0.   0.   0.   0.   0.   0.   0.   0.
   0.   0.] [5.02090012e+01 1.51067434e+01 1.00544598e+01 7.45756881e+00
 5.72737982e+00 4.66319954e+00 3.88092901e+00 3.13082676e+00
 2.26384149e+00 1.55451103e+00 1.04332905e+00 6.83698319e-01
 4.21855598e-01 2.93425999e-01 1.79811202e-01 1.18647384e-01
 8.19077082e-02 4.65827239e-02 3.16030613e-02 1.70415271e-02
 1.33535153e-02 9.99833732e-03 6.32747704e-03 1.14105974e-03
 1.20252779e-03 5.90827519e-04 0.00000000e+00 5.11459898e-04
 0.00000000e+00 5.11459898e-04]
bump in rebinned pdf
num ss bins:  9
num z bins:  10
chi sq val:  17.289548923585688

[107.   0.   0.   0.   0.   0.   0.   0.   0.   0.   0.   0.   0.   0.
   0.   0.   0.   0.   0.   0.   0.   0.   0.   0.   0.   0.   0.   0.
   0.   0.] [4.41335123e+01 1.63735463e+01 1.05334540e+01 7.72530777e+00
 5.89909908e+00 4.75478210e+00 3.83283767e+00 3.11659090e+00
 2.21540625e+00 1.51568193e+00 1.01486534e+00 6.79625538e-01
 4.80345105e-01 2.69403543e-01 1.62442545e-01 1.08595678e-01
 7.32817331e-02 4.09716497e-02 2.71861632e-02 1.48597556e-02
 1.12162560e-02 8.51716248e-03 5.09908897e-03 1.07352261e-03
 8.94909943e-04 5.72607305e-04 0.00000000e+00 4.15561167e-04
 0.00000000e+00 4.15561167e-04]
bump in rebinned pdf
num ss bins:  9
num z bins:  20
chi sq val:  21.202482465373702

[107.   0.   0.   0.   0.   0.   0.   0.   0.   0.   0.   0.   0.   0.
   0.   0.   0.   0.   0.   0.   0.   0.   0.   0.   0.   0.   0.   0.
   0.   0.] [4.12316794e+01 1.50225108e+01 9.32499848e+00 6.49229264e+00
 4.99646540e+00 3.91243657e+00 3.26738886e+00 2.51463917e+00
 1.81120677e+00 1.23381392e+00 7.68050045e-01 4.85844854e-01
 3.48812791e-01 2.45031574e-01 1.24124753e-01 1.00734081e-01
 5.28289782e-02 2.81681281e-02 1.56272915e-02 1.08006641e-02
 5.78286364e-03 3.54530487e-03 1.88018850e-03 7.90684348e-04
 2.11619536e-04 2.06345648e-04 0.00000000e+00 6.39324873e-05
 0.00000000e+00 6.39324873e-05]
bump in rebinned pdf
num ss bins:  9
num z bins:  30
chi sq val:  22.23926293542236

[107.   0.   0.   0.   0.   0.   0.   0.   0.   0.   0.   0.   0.   0.
   0.   0.   0.   0.   0.   0.   0.   0.   0.   0.   0.   0.   0.   0.
   0.   0.   0.   0.   0.   0.   0.] [4.68377179e+01 1.49557923e+01 9.64643341e+00 7.40224336e+00
 5.75585188e+00 4.68881321e+00 3.93150035e+00 3.36871636e+00
 2.82166108e+00 2.21586657e+00 1.61459814e+00 1.15262259e+00
 8.05541212e-01 5.78129682e-01 3.71212270e-01 2.77099589e-01
 1.82389419e-01 1.21341987e-01 8.77537897e-02 6.29728867e-02
 3.94606738e-02 2.70501987e-02 1.62008760e-02 1.57776525e-02
 1.00500531e-02 3.92736519e-03 5.44638143e-03 1.01245084e-03
 1.20252779e-03 5.90827519e-04 0.00000000e+00 0.00000000e+00
 5.11459898e-04 0.00000000e+00 5.11459898e-04]
bump in rebinned pdf
num ss bins:  11
num z bins:  10
chi sq val:  15.271083184877225

[107.   0.   0.   0.   0.   0.   0.   0.   0.   0.   0.   0.   0.   0.
   0.   0.   0.   0.   0.   0.   0.   0.   0.   0.   0.   0.   0.   0.
   0.   0.   0.   0.   0.   0.   0.] [4.06992923e+01 1.60130099e+01 1.02240547e+01 7.64265233e+00
 6.06389069e+00 4.74677726e+00 4.03002435e+00 3.33144573e+00
 2.82934743e+00 2.12696565e+00 1.62375014e+00 1.08722973e+00
 7.95818209e-01 5.80450759e-01 4.34335814e-01 2.53805937e-01
 1.65843670e-01 1.10381649e-01 8.05068522e-02 5.56379727e-02
 3.45283589e-02 2.35340593e-02 1.39453562e-02 1.32097742e-02
 8.71897180e-03 3.14448179e-03 4.43468466e-03 9.64620975e-04
 8.94909943e-04 5.72607305e-04 0.00000000e+00 0.00000000e+00
 4.15561167e-04 0.00000000e+00 4.15561167e-04]
bump in rebinned pdf
num ss bins:  11
num z bins:  20
chi sq val:  18.923011419448237

[107.   0.   0.   0.   0.   0.   0.   0.   0.   0.   0.   0.   0.   0.
   0.   0.   0.   0.   0.   0.   0.   0.   0.   0.   0.   0.   0.   0.
   0.   0.   0.   0.   0.   0.   0.] [3.79369679e+01 1.48832687e+01 9.16825101e+00 6.64884768e+00
 5.00084632e+00 4.03920490e+00 3.30299682e+00 2.83678182e+00
 2.27030323e+00 1.79804391e+00 1.25587866e+00 9.38022345e-01
 5.73269509e-01 4.08644128e-01 3.14838465e-01 2.32055765e-01
 1.27596627e-01 1.03496084e-01 5.97933690e-02 3.83564708e-02
 2.35635241e-02 1.40630189e-02 9.40627614e-03 7.01963086e-03
 4.22784405e-03 1.72144563e-03 1.34139289e-03 6.47388567e-04
 2.11619536e-04 2.06345648e-04 0.00000000e+00 0.00000000e+00
 6.39324873e-05 0.00000000e+00 6.39324873e-05]
bump in rebinned pdf
num ss bins:  10
num z bins:  30
chi sq val:  22.473758126863576