(20,)
(20,)
(21,)
[ 603.32        927.28083333 1251.24166667 1380.826      1510.41033333
 1639.99466667 1769.579      1899.16333333 2028.74766667 2158.332
 2287.91633333 2417.50066667 2806.25366667 3000.63016667 3195.00666667
 3454.17533333 3648.55183333 3842.92833333 4102.097      4296.4735
 4490.85      ]
0 20
[647.0, 927.2808333333335, 1251.2416666666668, 1380.826, 1510.4103333333335, 1639.994666666667, 1769.5790000000002, 1899.1633333333334, 2028.747666666667, 2158.3320000000003, 2287.9163333333336, 2417.500666666667, 2806.253666666667, 3000.630166666667, 3195.006666666667, 3454.175333333334, 3648.551833333334, 3842.9283333333337, 4102.097000000001, 4296.4735, 4488.0]
[280.28083333 323.96083333 129.58433333 129.58433333 129.58433333
 129.58433333 129.58433333 129.58433333 129.58433333 129.58433333
 129.58433333 388.753      194.3765     194.3765     259.16866667
 194.3765     194.3765     259.16866667 194.3765     191.5265    ]
halo
2.572293164527508
(29,)
(29,)
(30,)
[ 647.  797.  947. 1097. 1247. 1397. 1547. 1697. 1847. 1997. 2147. 2297.
 2447. 2672. 2897. 3047. 3197. 3347. 3497. 3647. 3797. 3947. 4097. 4247.
 4397. 4547. 4697. 4847. 4997. 5147.]
0 25
[647.0, 797.0, 947.0, 1097.0, 1247.0, 1397.0, 1547.0, 1697.0, 1847.0, 1997.0, 2147.0, 2297.0, 2447.0, 2672.0, 2897.0, 3047.0, 3197.0, 3347.0, 3497.0, 3647.0, 3797.0, 3947.0, 4097.0, 4247.0, 4397.0, 4488.0]
[150. 150. 150. 150. 150. 150. 150. 150. 150. 150. 150. 150. 225. 225.
 150. 150. 150. 150. 150. 150. 150. 150. 150. 150.  91.]
caipeex
5.281634648794331
/global/home/users/kalatimer/proj/20supersat/src/revmywrf/ss_qss_calculations.py:72: RuntimeWarning: invalid value encountered in true_divide
  return meanr/nconc
(6618397,)
(6618397,)
(6618397,)
(6618397,)
(6618397,)
(6618397,)
(6618397,)
(6618397,)
(6618397,)
(6618397,)
(6618397,)
(6618397,)
(6618397,)
(6618397,)
(6618397,)
(6618397,)
(6618397,)
(6618397,)
(6618397,)
(6618397,)
(6618397,)
(6618397,)
(6618397,)
(6618397,)
(6618397,)
(6618397,)
(6618397,)
(6618397,)
(6618397,)
(6618397,)
(6618397,)
(6618397,)
(6618397,)
(6618397,)
(6618397,)
(6618397,)
(6618397,)
(6618397,)
(6618397,)
(6618397,)
(6618397,)
(6618397,)
(6618397,)
(6618397,)
(6618397,)
(6618397,)
(6618397,)
(6618397,)
(6618397,)
(6618397,)
(6618397,)
(7393558,)
(7393558,)
(7393558,)
(7393558,)
(7393558,)
(7393558,)
(7393558,)
(7393558,)
(7393558,)
(7393558,)
(7393558,)
(7393558,)
(7393558,)
(7393558,)
(7393558,)
(7393558,)
(7393558,)
(7393558,)
(7393558,)
(7393558,)
(7393558,)
(7393558,)
(7393558,)
(7393558,)
(7393558,)
(7393558,)
(7393558,)
(7393558,)
(7393558,)
(7393558,)
(7393558,)
(7393558,)
(7393558,)
(7393558,)
(7393558,)
(7393558,)
(7393558,)
(7393558,)
(7393558,)
(7393558,)
(7393558,)
(7393558,)
(7393558,)
(7393558,)
(7393558,)
(7393558,)
(7393558,)
(7393558,)
(7393558,)
(7393558,)
(7393558,)
(20,)
(20,)
(21,)
[ 603.32        927.28083333 1251.24166667 1380.826      1510.41033333
 1639.99466667 1769.579      1899.16333333 2028.74766667 2158.332
 2287.91633333 2417.50066667 2806.25366667 3000.63016667 3195.00666667
 3454.17533333 3648.55183333 3842.92833333 4102.097      4296.4735
 4490.85      ]
0 20
[647.0, 927.2808333333335, 1251.2416666666668, 1380.826, 1510.4103333333335, 1639.994666666667, 1769.5790000000002, 1899.1633333333334, 2028.747666666667, 2158.3320000000003, 2287.9163333333336, 2417.500666666667, 2806.253666666667, 3000.630166666667, 3195.006666666667, 3454.175333333334, 3648.551833333334, 3842.9283333333337, 4102.097000000001, 4296.4735, 4488.0]
[280.28083333 323.96083333 129.58433333 129.58433333 129.58433333
 129.58433333 129.58433333 129.58433333 129.58433333 129.58433333
 129.58433333 388.753      194.3765     194.3765     259.16866667
 194.3765     194.3765     259.16866667 194.3765     191.5265    ]
halo
2.572293164527508
(29,)
(29,)
(30,)
[ 647.  797.  947. 1097. 1247. 1397. 1547. 1697. 1847. 1997. 2147. 2297.
 2447. 2672. 2897. 3047. 3197. 3347. 3497. 3647. 3797. 3947. 4097. 4247.
 4397. 4547. 4697. 4847. 4997. 5147.]
0 25
[647.0, 797.0, 947.0, 1097.0, 1247.0, 1397.0, 1547.0, 1697.0, 1847.0, 1997.0, 2147.0, 2297.0, 2447.0, 2672.0, 2897.0, 3047.0, 3197.0, 3347.0, 3497.0, 3647.0, 3797.0, 3947.0, 4097.0, 4247.0, 4397.0, 4488.0]
[150. 150. 150. 150. 150. 150. 150. 150. 150. 150. 150. 150. 225. 225.
 150. 150. 150. 150. 150. 150. 150. 150. 150. 150.  91.]
caipeex
5.281634648794331
(48,)
(48,)
(49,)
[  54.185863   82.28268   117.46871   152.49203   189.48224   228.955
  268.5018    308.14563   345.79852   383.32816   423.3018    463.39835
  505.7733    550.6309    595.6489    640.8295    686.1746    731.6867
  779.5944    830.0533    878.46594   924.6975    973.3833   1026.938
 1080.8353   1132.5685   1186.8525   1243.8147   1301.0562   1360.9454
 1423.609    1484.2264   1542.6915   1603.8889   1667.9344   1734.808
 1802.1638   1867.395    1938.0323   2014.311    2096.23     2186.6106
 2373.4038   2762.859    3295.8184   3885.877    4529.355    5224.59
 5964.997   ]
15 46
[647.0, 686.1746, 731.6867, 779.5944, 830.0533, 878.46594, 924.6975, 973.3833, 1026.938, 1080.8353, 1132.5685, 1186.8525, 1243.8147, 1301.0562, 1360.9454, 1423.609, 1484.2264, 1542.6915, 1603.8889, 1667.9344, 1734.808, 1802.1638, 1867.395, 1938.0323, 2014.311, 2096.23, 2186.6106, 2373.4038, 2762.859, 3295.8184, 3885.877, 4488.0]
[ 39.17462158  45.51208496  47.90771484  50.4588623   48.41265869
  46.23156738  48.68579102  53.5546875   53.89733887  51.7331543
  54.28405762  56.9621582   57.24145508  59.88928223  62.66357422
  60.61743164  58.46508789  61.1973877   64.04553223  66.87353516
  67.35583496  65.23120117  70.6373291   76.27868652  81.91894531
  90.38061523 186.79321289 389.45507812 532.95947266 590.05859375
 602.12304688]
unpolluted
49.529871698675436
(48,)
(48,)
(49,)
[  54.181225   82.26269   117.42699   152.42995   189.40044   228.85385
  268.38275   308.01038   345.64822   383.16428   423.12415   463.20767
  505.57007   550.41534   595.42175   640.59094   685.9261    731.42883
  779.32654   829.77563   878.1805    924.4048    973.0825   1026.6302
 1080.5194   1132.245    1186.5225   1243.4778   1300.7139   1360.5972
 1423.255    1483.8676   1542.3269   1603.5168   1667.5527   1734.419
 1801.7682   1866.991    1937.6176   2013.8827   2095.7864   2186.1516
 2372.9216   2762.3423   3295.2668   3885.3005   4528.8      5224.1157
 5964.621   ]
15 46
[647.0, 685.9261, 731.42883, 779.32654, 829.77563, 878.1805, 924.4048, 973.0825, 1026.6302, 1080.5194, 1132.245, 1186.5225, 1243.4778, 1300.7139, 1360.5972, 1423.255, 1483.8676, 1542.3269, 1603.5168, 1667.5527, 1734.419, 1801.7682, 1866.991, 1937.6176, 2013.8827, 2095.7864, 2186.1516, 2372.9216, 2762.3423, 3295.2668, 3885.3005, 4488.0]
[ 38.92608643  45.50274658  47.89770508  50.44909668  48.40484619
  46.2243042   48.67773438  53.54772949  53.88916016  51.72558594
  54.27746582  56.95532227  57.23608398  59.88330078  62.65783691
  60.61254883  58.45935059  61.18994141  64.03588867  66.86621094
  67.34924316  65.22277832  70.62658691  76.26513672  81.90368652
  90.36523438 186.77001953 389.4206543  532.92456055 590.03369141
 602.69946289]
polluted
30.18573170151216
/global/home/users/kalatimer/proj/20supersat/src/revmywrf/ss_qss_calculations.py:72: RuntimeWarning: invalid value encountered in true_divide
  return meanr/nconc
(6618397,)
(6618397,)
(6618397,)
(6618397,)
(6618397,)
(6618397,)
(6618397,)
(6618397,)
(6618397,)
(6618397,)
(6618397,)
(6618397,)
(6618397,)
(6618397,)
(6618397,)
(6618397,)
(6618397,)
(6618397,)
(6618397,)
(6618397,)
(6618397,)
(6618397,)
(6618397,)
(6618397,)
(6618397,)
(6618397,)
(6618397,)
(6618397,)
(6618397,)
(6618397,)
(6618397,)
(6618397,)
(6618397,)
(6618397,)
(6618397,)
(6618397,)
(6618397,)
(6618397,)
(6618397,)
(6618397,)
(6618397,)
(6618397,)
(6618397,)
(6618397,)
(6618397,)
(6618397,)
(6618397,)
(6618397,)
(6618397,)
(6618397,)
(6618397,)
(7393558,)
(7393558,)
(7393558,)
(7393558,)
(7393558,)
(7393558,)
(7393558,)
(7393558,)
(7393558,)
(7393558,)
(7393558,)
(7393558,)
(7393558,)
(7393558,)
(7393558,)
(7393558,)
(7393558,)
(7393558,)
(7393558,)
(7393558,)
(7393558,)
(7393558,)
(7393558,)
(7393558,)
(7393558,)
(7393558,)
(7393558,)
(7393558,)
(7393558,)
(7393558,)
(7393558,)
(7393558,)
(7393558,)
(7393558,)
(7393558,)
(7393558,)
(7393558,)
(7393558,)
(7393558,)
(7393558,)
(7393558,)
(7393558,)
(7393558,)
(7393558,)
(7393558,)
(7393558,)
(7393558,)
(7393558,)
(7393558,)
(7393558,)
(7393558,)
(20,)
(20,)
(21,)
[ 603.32        927.28083333 1251.24166667 1380.826      1510.41033333
 1639.99466667 1769.579      1899.16333333 2028.74766667 2158.332
 2287.91633333 2417.50066667 2806.25366667 3000.63016667 3195.00666667
 3454.17533333 3648.55183333 3842.92833333 4102.097      4296.4735
 4490.85      ]
0 20
[647.0, 927.2808333333335, 1251.2416666666668, 1380.826, 1510.4103333333335, 1639.994666666667, 1769.5790000000002, 1899.1633333333334, 2028.747666666667, 2158.3320000000003, 2287.9163333333336, 2417.500666666667, 2806.253666666667, 3000.630166666667, 3195.006666666667, 3454.175333333334, 3648.551833333334, 3842.9283333333337, 4102.097000000001, 4296.4735, 4488.0]
[280.28083333 323.96083333 129.58433333 129.58433333 129.58433333
 129.58433333 129.58433333 129.58433333 129.58433333 129.58433333
 129.58433333 388.753      194.3765     194.3765     259.16866667
 194.3765     194.3765     259.16866667 194.3765     191.5265    ]
halo
2.572293164527508
(29,)
(29,)
(30,)
[ 647.  797.  947. 1097. 1247. 1397. 1547. 1697. 1847. 1997. 2147. 2297.
 2447. 2672. 2897. 3047. 3197. 3347. 3497. 3647. 3797. 3947. 4097. 4247.
 4397. 4547. 4697. 4847. 4997. 5147.]
0 25
[647.0, 797.0, 947.0, 1097.0, 1247.0, 1397.0, 1547.0, 1697.0, 1847.0, 1997.0, 2147.0, 2297.0, 2447.0, 2672.0, 2897.0, 3047.0, 3197.0, 3347.0, 3497.0, 3647.0, 3797.0, 3947.0, 4097.0, 4247.0, 4397.0, 4488.0]
[150. 150. 150. 150. 150. 150. 150. 150. 150. 150. 150. 150. 225. 225.
 150. 150. 150. 150. 150. 150. 150. 150. 150. 150.  91.]
caipeex
5.281634648794331
(48,)
(48,)
(49,)
[  54.185863   82.28268   117.46871   152.49203   189.48224   228.955
  268.5018    308.14563   345.79852   383.32816   423.3018    463.39835
  505.7733    550.6309    595.6489    640.8295    686.1746    731.6867
  779.5944    830.0533    878.46594   924.6975    973.3833   1026.938
 1080.8353   1132.5685   1186.8525   1243.8147   1301.0562   1360.9454
 1423.609    1484.2264   1542.6915   1603.8889   1667.9344   1734.808
 1802.1638   1867.395    1938.0323   2014.311    2096.23     2186.6106
 2373.4038   2762.859    3295.8184   3885.877    4529.355    5224.59
 5964.997   ]
15 46
[647.0, 686.1746, 731.6867, 779.5944, 830.0533, 878.46594, 924.6975, 973.3833, 1026.938, 1080.8353, 1132.5685, 1186.8525, 1243.8147, 1301.0562, 1360.9454, 1423.609, 1484.2264, 1542.6915, 1603.8889, 1667.9344, 1734.808, 1802.1638, 1867.395, 1938.0323, 2014.311, 2096.23, 2186.6106, 2373.4038, 2762.859, 3295.8184, 3885.877, 4488.0]
[ 39.17462158  45.51208496  47.90771484  50.4588623   48.41265869
  46.23156738  48.68579102  53.5546875   53.89733887  51.7331543
  54.28405762  56.9621582   57.24145508  59.88928223  62.66357422
  60.61743164  58.46508789  61.1973877   64.04553223  66.87353516
  67.35583496  65.23120117  70.6373291   76.27868652  81.91894531
  90.38061523 186.79321289 389.45507812 532.95947266 590.05859375
 602.12304688]
unpolluted
49.529871698675436
(48,)
(48,)
(49,)
[  54.181225   82.26269   117.42699   152.42995   189.40044   228.85385
  268.38275   308.01038   345.64822   383.16428   423.12415   463.20767
  505.57007   550.41534   595.42175   640.59094   685.9261    731.42883
  779.32654   829.77563   878.1805    924.4048    973.0825   1026.6302
 1080.5194   1132.245    1186.5225   1243.4778   1300.7139   1360.5972
 1423.255    1483.8676   1542.3269   1603.5168   1667.5527   1734.419
 1801.7682   1866.991    1937.6176   2013.8827   2095.7864   2186.1516
 2372.9216   2762.3423   3295.2668   3885.3005   4528.8      5224.1157
 5964.621   ]
15 46
[647.0, 685.9261, 731.42883, 779.32654, 829.77563, 878.1805, 924.4048, 973.0825, 1026.6302, 1080.5194, 1132.245, 1186.5225, 1243.4778, 1300.7139, 1360.5972, 1423.255, 1483.8676, 1542.3269, 1603.5168, 1667.5527, 1734.419, 1801.7682, 1866.991, 1937.6176, 2013.8827, 2095.7864, 2186.1516, 2372.9216, 2762.3423, 3295.2668, 3885.3005, 4488.0]
[ 38.92608643  45.50274658  47.89770508  50.44909668  48.40484619
  46.2243042   48.67773438  53.54772949  53.88916016  51.72558594
  54.27746582  56.95532227  57.23608398  59.88330078  62.65783691
  60.61254883  58.45935059  61.18994141  64.03588867  66.86621094
  67.34924316  65.22277832  70.62658691  76.26513672  81.90368652
  90.36523438 186.77001953 389.4206543  532.92456055 590.03369141
 602.69946289]
polluted
30.18573170151216
slurmstepd: error: *** JOB 28662149 ON n0272.lr6 CANCELLED AT 2021-01-29T07:51:28 ***
/global/home/users/kalatimer/proj/20supersat/src/revmywrf/ss_qss_calculations.py:72: RuntimeWarning: invalid value encountered in true_divide
  return meanr/nconc
(6618397,)
(6618397,)
(6618397,)
(6618397,)
(6618397,)
(6618397,)
(6618397,)
(6618397,)
(6618397,)
(6618397,)
(6618397,)
(6618397,)
(6618397,)
(6618397,)
(6618397,)
(6618397,)
(6618397,)
(6618397,)
(6618397,)
(6618397,)
(6618397,)
(6618397,)
(6618397,)
(6618397,)
(6618397,)
(6618397,)
(6618397,)
(6618397,)
(6618397,)
(6618397,)
(6618397,)
(6618397,)
(6618397,)
(6618397,)
(6618397,)
(6618397,)
(6618397,)
(6618397,)
(6618397,)
(6618397,)
(6618397,)
(6618397,)
(6618397,)
(6618397,)
(6618397,)
(6618397,)
(6618397,)
(6618397,)
(6618397,)
(6618397,)
(6618397,)
(7393558,)
(7393558,)
(7393558,)
(7393558,)
(7393558,)
(7393558,)
(7393558,)
(7393558,)
(7393558,)
(7393558,)
(7393558,)
(7393558,)
(7393558,)
(7393558,)
(7393558,)
(7393558,)
(7393558,)
(7393558,)
(7393558,)
(7393558,)
(7393558,)
(7393558,)
(7393558,)
(7393558,)
(7393558,)
(7393558,)
(7393558,)
(7393558,)
(7393558,)
(7393558,)
(7393558,)
(7393558,)
(7393558,)
(7393558,)
(7393558,)
(7393558,)
(7393558,)
(7393558,)
(7393558,)
(7393558,)
(7393558,)
(7393558,)
(7393558,)
(7393558,)
(7393558,)
(7393558,)
(7393558,)
(7393558,)
(7393558,)
(7393558,)
(7393558,)
(20,)
(20,)
(21,)
[ 603.32        927.28083333 1251.24166667 1380.826      1510.41033333
 1639.99466667 1769.579      1899.16333333 2028.74766667 2158.332
 2287.91633333 2417.50066667 2806.25366667 3000.63016667 3195.00666667
 3454.17533333 3648.55183333 3842.92833333 4102.097      4296.4735
 4490.85      ]
0 20
[647.0, 927.2808333333335, 1251.2416666666668, 1380.826, 1510.4103333333335, 1639.994666666667, 1769.5790000000002, 1899.1633333333334, 2028.747666666667, 2158.3320000000003, 2287.9163333333336, 2417.500666666667, 2806.253666666667, 3000.630166666667, 3195.006666666667, 3454.175333333334, 3648.551833333334, 3842.9283333333337, 4102.097000000001, 4296.4735, 4488.0]
[280.28083333 323.96083333 129.58433333 129.58433333 129.58433333
 129.58433333 129.58433333 129.58433333 129.58433333 129.58433333
 129.58433333 388.753      194.3765     194.3765     259.16866667
 194.3765     194.3765     259.16866667 194.3765     191.5265    ]
halo
2.572293164527508
(29,)
(29,)
(30,)
[ 647.  797.  947. 1097. 1247. 1397. 1547. 1697. 1847. 1997. 2147. 2297.
 2447. 2672. 2897. 3047. 3197. 3347. 3497. 3647. 3797. 3947. 4097. 4247.
 4397. 4547. 4697. 4847. 4997. 5147.]
0 25
[647.0, 797.0, 947.0, 1097.0, 1247.0, 1397.0, 1547.0, 1697.0, 1847.0, 1997.0, 2147.0, 2297.0, 2447.0, 2672.0, 2897.0, 3047.0, 3197.0, 3347.0, 3497.0, 3647.0, 3797.0, 3947.0, 4097.0, 4247.0, 4397.0, 4488.0]
[150. 150. 150. 150. 150. 150. 150. 150. 150. 150. 150. 150. 225. 225.
 150. 150. 150. 150. 150. 150. 150. 150. 150. 150.  91.]
caipeex
5.281634648794331
(48,)
(48,)
(49,)
[  54.185863   82.28268   117.46871   152.49203   189.48224   228.955
  268.5018    308.14563   345.79852   383.32816   423.3018    463.39835
  505.7733    550.6309    595.6489    640.8295    686.1746    731.6867
  779.5944    830.0533    878.46594   924.6975    973.3833   1026.938
 1080.8353   1132.5685   1186.8525   1243.8147   1301.0562   1360.9454
 1423.609    1484.2264   1542.6915   1603.8889   1667.9344   1734.808
 1802.1638   1867.395    1938.0323   2014.311    2096.23     2186.6106
 2373.4038   2762.859    3295.8184   3885.877    4529.355    5224.59
 5964.997   ]
15 46
[647.0, 686.1746, 731.6867, 779.5944, 830.0533, 878.46594, 924.6975, 973.3833, 1026.938, 1080.8353, 1132.5685, 1186.8525, 1243.8147, 1301.0562, 1360.9454, 1423.609, 1484.2264, 1542.6915, 1603.8889, 1667.9344, 1734.808, 1802.1638, 1867.395, 1938.0323, 2014.311, 2096.23, 2186.6106, 2373.4038, 2762.859, 3295.8184, 3885.877, 4488.0]
[ 39.17462158  45.51208496  47.90771484  50.4588623   48.41265869
  46.23156738  48.68579102  53.5546875   53.89733887  51.7331543
  54.28405762  56.9621582   57.24145508  59.88928223  62.66357422
  60.61743164  58.46508789  61.1973877   64.04553223  66.87353516
  67.35583496  65.23120117  70.6373291   76.27868652  81.91894531
  90.38061523 186.79321289 389.45507812 532.95947266 590.05859375
 602.12304688]
unpolluted
49.529871698675436
(48,)
(48,)
(49,)
[  54.181225   82.26269   117.42699   152.42995   189.40044   228.85385
  268.38275   308.01038   345.64822   383.16428   423.12415   463.20767
  505.57007   550.41534   595.42175   640.59094   685.9261    731.42883
  779.32654   829.77563   878.1805    924.4048    973.0825   1026.6302
 1080.5194   1132.245    1186.5225   1243.4778   1300.7139   1360.5972
 1423.255    1483.8676   1542.3269   1603.5168   1667.5527   1734.419
 1801.7682   1866.991    1937.6176   2013.8827   2095.7864   2186.1516
 2372.9216   2762.3423   3295.2668   3885.3005   4528.8      5224.1157
 5964.621   ]
15 46
[647.0, 685.9261, 731.42883, 779.32654, 829.77563, 878.1805, 924.4048, 973.0825, 1026.6302, 1080.5194, 1132.245, 1186.5225, 1243.4778, 1300.7139, 1360.5972, 1423.255, 1483.8676, 1542.3269, 1603.5168, 1667.5527, 1734.419, 1801.7682, 1866.991, 1937.6176, 2013.8827, 2095.7864, 2186.1516, 2372.9216, 2762.3423, 3295.2668, 3885.3005, 4488.0]
[ 38.92608643  45.50274658  47.89770508  50.44909668  48.40484619
  46.2243042   48.67773438  53.54772949  53.88916016  51.72558594
  54.27746582  56.95532227  57.23608398  59.88330078  62.65783691
  60.61254883  58.45935059  61.18994141  64.03588867  66.86621094
  67.34924316  65.22277832  70.62658691  76.26513672  81.90368652
  90.36523438 186.77001953 389.4206543  532.92456055 590.03369141
 602.69946289]
polluted
30.18573170151216
