/global/home/users/kalatimer/proj/20supersat/src/revmywrf/ss_qss_calculations.py:72: RuntimeWarning: invalid value encountered in true_divide
  return meanr/nconc
[  54.181225   82.26269   117.42699   152.42995   189.40044   228.85385
  268.38275   308.01038   345.64822   383.16428   423.12415   463.20767
  505.57007   550.41534   595.42175   640.59094   685.9261    731.42883
  779.32654   829.77563   878.1805    924.4048    973.0825   1026.6302
 1080.5194   1132.245    1186.5225   1243.4778   1300.7139   1360.5972
 1423.255    1483.8676   1542.3269   1603.5168   1667.5527   1734.419
 1801.7682   1866.991    1937.6176   2013.8827   2095.7864   2186.1516
 2372.9216   2762.3423   3295.2668   3885.3005   4528.8      5224.1157
 5964.621   ]
[  54.185863   82.28268   117.46871   152.49203   189.48224   228.955
  268.5018    308.14563   345.79852   383.32816   423.3018    463.39835
  505.7733    550.6309    595.6489    640.8295    686.1746    731.6867
  779.5944    830.0533    878.46594   924.6975    973.3833   1026.938
 1080.8353   1132.5685   1186.8525   1243.8147   1301.0562   1360.9454
 1423.609    1484.2264   1542.6915   1603.8889   1667.9344   1734.808
 1802.1638   1867.395    1938.0323   2014.311    2096.23     2186.6106
 2373.4038   2762.859    3295.8184   3885.877    4529.355    5224.59
 5964.997   ]
Traceback (most recent call last):
  File "/global/home/users/kalatimer/proj/20supersat/src/revmywrf/FINAL_bipanel_ss_qss_vs_z_figsrc.py", line 190, in <module>
    main()
  File "/global/home/users/kalatimer/proj/20supersat/src/revmywrf/FINAL_bipanel_ss_qss_vs_z_figsrc.py", line 57, in main
    z_dict['allpts'], z_bins, 'allpts')
  File "/global/home/users/kalatimer/proj/20supersat/src/revmywrf/FINAL_bipanel_ss_qss_vs_z_figsrc.py", line 124, in make_and_save_bipanel_ss_qss_vs_z
    z_bins = z_bins_dict[case_label]
IndexError: only integers, slices (`:`), ellipsis (`...`), numpy.newaxis (`None`) and integer or boolean arrays are valid indices
/global/home/users/kalatimer/proj/20supersat/src/revmywrf/ss_qss_calculations.py:72: RuntimeWarning: invalid value encountered in true_divide
  return meanr/nconc
[  54.181225   82.26269   117.42699   152.42995   189.40044   228.85385
  268.38275   308.01038   345.64822   383.16428   423.12415   463.20767
  505.57007   550.41534   595.42175   640.59094   685.9261    731.42883
  779.32654   829.77563   878.1805    924.4048    973.0825   1026.6302
 1080.5194   1132.245    1186.5225   1243.4778   1300.7139   1360.5972
 1423.255    1483.8676   1542.3269   1603.5168   1667.5527   1734.419
 1801.7682   1866.991    1937.6176   2013.8827   2095.7864   2186.1516
 2372.9216   2762.3423   3295.2668   3885.3005   4528.8      5224.1157
 5964.621   ]
[  54.185863   82.28268   117.46871   152.49203   189.48224   228.955
  268.5018    308.14563   345.79852   383.32816   423.3018    463.39835
  505.7733    550.6309    595.6489    640.8295    686.1746    731.6867
  779.5944    830.0533    878.46594   924.6975    973.3833   1026.938
 1080.8353   1132.5685   1186.8525   1243.8147   1301.0562   1360.9454
 1423.609    1484.2264   1542.6915   1603.8889   1667.9344   1734.808
 1802.1638   1867.395    1938.0323   2014.311    2096.23     2186.6106
 2373.4038   2762.859    3295.8184   3885.877    4529.355    5224.59
 5964.997   ]
/global/home/users/kalatimer/proj/20supersat/src/revmywrf/ss_qss_calculations.py:72: RuntimeWarning: invalid value encountered in true_divide
  return meanr/nconc
[  54.181225   82.26269   117.42699   152.42995   189.40044   228.85385
  268.38275   308.01038   345.64822   383.16428   423.12415   463.20767
  505.57007   550.41534   595.42175   640.59094   685.9261    731.42883
  779.32654   829.77563   878.1805    924.4048    973.0825   1026.6302
 1080.5194   1132.245    1186.5225   1243.4778   1300.7139   1360.5972
 1423.255    1483.8676   1542.3269   1603.5168   1667.5527   1734.419
 1801.7682   1866.991    1937.6176   2013.8827   2095.7864   2186.1516
 2372.9216   2762.3423   3295.2668   3885.3005   4528.8      5224.1157
 5964.621   ]
[  54.185863   82.28268   117.46871   152.49203   189.48224   228.955
  268.5018    308.14563   345.79852   383.32816   423.3018    463.39835
  505.7733    550.6309    595.6489    640.8295    686.1746    731.6867
  779.5944    830.0533    878.46594   924.6975    973.3833   1026.938
 1080.8353   1132.5685   1186.8525   1243.8147   1301.0562   1360.9454
 1423.609    1484.2264   1542.6915   1603.8889   1667.9344   1734.808
 1802.1638   1867.395    1938.0323   2014.311    2096.23     2186.6106
 2373.4038   2762.859    3295.8184   3885.877    4529.355    5224.59
 5964.997   ]
Traceback (most recent call last):
  File "/global/home/users/kalatimer/proj/20supersat/src/revmywrf/FINAL_bipanel_ss_qss_vs_z_figsrc.py", line 206, in <module>
    main()
  File "/global/home/users/kalatimer/proj/20supersat/src/revmywrf/FINAL_bipanel_ss_qss_vs_z_figsrc.py", line 57, in main
    z_dict['allpts'], z_bins_dict, 'allpts')
  File "/global/home/users/kalatimer/proj/20supersat/src/revmywrf/FINAL_bipanel_ss_qss_vs_z_figsrc.py", line 148, in make_and_save_bipanel_ss_qss_vs_z
    poll_patch = mpatches.Patch(color=magma_pink, label='Polluted', \
NameError: name 'mpatches' is not defined
/global/home/users/kalatimer/proj/20supersat/src/revmywrf/ss_qss_calculations.py:72: RuntimeWarning: invalid value encountered in true_divide
  return meanr/nconc
[  54.181225   82.26269   117.42699   152.42995   189.40044   228.85385
  268.38275   308.01038   345.64822   383.16428   423.12415   463.20767
  505.57007   550.41534   595.42175   640.59094   685.9261    731.42883
  779.32654   829.77563   878.1805    924.4048    973.0825   1026.6302
 1080.5194   1132.245    1186.5225   1243.4778   1300.7139   1360.5972
 1423.255    1483.8676   1542.3269   1603.5168   1667.5527   1734.419
 1801.7682   1866.991    1937.6176   2013.8827   2095.7864   2186.1516
 2372.9216   2762.3423   3295.2668   3885.3005   4528.8      5224.1157
 5964.621   ]
[  54.185863   82.28268   117.46871   152.49203   189.48224   228.955
  268.5018    308.14563   345.79852   383.32816   423.3018    463.39835
  505.7733    550.6309    595.6489    640.8295    686.1746    731.6867
  779.5944    830.0533    878.46594   924.6975    973.3833   1026.938
 1080.8353   1132.5685   1186.8525   1243.8147   1301.0562   1360.9454
 1423.609    1484.2264   1542.6915   1603.8889   1667.9344   1734.808
 1802.1638   1867.395    1938.0323   2014.311    2096.23     2186.6106
 2373.4038   2762.859    3295.8184   3885.877    4529.355    5224.59
 5964.997   ]
/global/home/users/kalatimer/proj/20supersat/src/revmywrf/ss_qss_calculations.py:72: RuntimeWarning: invalid value encountered in true_divide
  return meanr/nconc
[  54.181225   82.26269   117.42699   152.42995   189.40044   228.85385
  268.38275   308.01038   345.64822   383.16428   423.12415   463.20767
  505.57007   550.41534   595.42175   640.59094   685.9261    731.42883
  779.32654   829.77563   878.1805    924.4048    973.0825   1026.6302
 1080.5194   1132.245    1186.5225   1243.4778   1300.7139   1360.5972
 1423.255    1483.8676   1542.3269   1603.5168   1667.5527   1734.419
 1801.7682   1866.991    1937.6176   2013.8827   2095.7864   2186.1516
 2372.9216   2762.3423   3295.2668   3885.3005   4528.8      5224.1157
 5964.621   ]
[  54.185863   82.28268   117.46871   152.49203   189.48224   228.955
  268.5018    308.14563   345.79852   383.32816   423.3018    463.39835
  505.7733    550.6309    595.6489    640.8295    686.1746    731.6867
  779.5944    830.0533    878.46594   924.6975    973.3833   1026.938
 1080.8353   1132.5685   1186.8525   1243.8147   1301.0562   1360.9454
 1423.609    1484.2264   1542.6915   1603.8889   1667.9344   1734.808
 1802.1638   1867.395    1938.0323   2014.311    2096.23     2186.6106
 2373.4038   2762.859    3295.8184   3885.877    4529.355    5224.59
 5964.997   ]
/global/home/users/kalatimer/proj/20supersat/src/revmywrf/ss_qss_calculations.py:72: RuntimeWarning: invalid value encountered in true_divide
  return meanr/nconc
[  54.181225   82.26269   117.42699   152.42995   189.40044   228.85385
  268.38275   308.01038   345.64822   383.16428   423.12415   463.20767
  505.57007   550.41534   595.42175   640.59094   685.9261    731.42883
  779.32654   829.77563   878.1805    924.4048    973.0825   1026.6302
 1080.5194   1132.245    1186.5225   1243.4778   1300.7139   1360.5972
 1423.255    1483.8676   1542.3269   1603.5168   1667.5527   1734.419
 1801.7682   1866.991    1937.6176   2013.8827   2095.7864   2186.1516
 2372.9216   2762.3423   3295.2668   3885.3005   4528.8      5224.1157
 5964.621   ]
[  54.185863   82.28268   117.46871   152.49203   189.48224   228.955
  268.5018    308.14563   345.79852   383.32816   423.3018    463.39835
  505.7733    550.6309    595.6489    640.8295    686.1746    731.6867
  779.5944    830.0533    878.46594   924.6975    973.3833   1026.938
 1080.8353   1132.5685   1186.8525   1243.8147   1301.0562   1360.9454
 1423.609    1484.2264   1542.6915   1603.8889   1667.9344   1734.808
 1802.1638   1867.395    1938.0323   2014.311    2096.23     2186.6106
 2373.4038   2762.859    3295.8184   3885.877    4529.355    5224.59
 5964.997   ]
Traceback (most recent call last):
  File "/global/home/users/kalatimer/proj/20supersat/src/revmywrf/FINAL_bipanel_ss_qss_vs_z_figsrc.py", line 210, in <module>
    main()
  File "/global/home/users/kalatimer/proj/20supersat/src/revmywrf/FINAL_bipanel_ss_qss_vs_z_figsrc.py", line 58, in main
    z_dict['allpts'], z_bins_dict, 'allpts')
  File "/global/home/users/kalatimer/proj/20supersat/src/revmywrf/FINAL_bipanel_ss_qss_vs_z_figsrc.py", line 156, in make_and_save_bipanel_ss_qss_vs_z
    ax2.legend([poll_patch, unpoll_patch], ['Polluted', 'Unpolluted'])
NameError: name 'poll_patch' is not defined
/global/home/users/kalatimer/proj/20supersat/src/revmywrf/ss_qss_calculations.py:72: RuntimeWarning: invalid value encountered in true_divide
  return meanr/nconc
[  54.181225   82.26269   117.42699   152.42995   189.40044   228.85385
  268.38275   308.01038   345.64822   383.16428   423.12415   463.20767
  505.57007   550.41534   595.42175   640.59094   685.9261    731.42883
  779.32654   829.77563   878.1805    924.4048    973.0825   1026.6302
 1080.5194   1132.245    1186.5225   1243.4778   1300.7139   1360.5972
 1423.255    1483.8676   1542.3269   1603.5168   1667.5527   1734.419
 1801.7682   1866.991    1937.6176   2013.8827   2095.7864   2186.1516
 2372.9216   2762.3423   3295.2668   3885.3005   4528.8      5224.1157
 5964.621   ]
[  54.185863   82.28268   117.46871   152.49203   189.48224   228.955
  268.5018    308.14563   345.79852   383.32816   423.3018    463.39835
  505.7733    550.6309    595.6489    640.8295    686.1746    731.6867
  779.5944    830.0533    878.46594   924.6975    973.3833   1026.938
 1080.8353   1132.5685   1186.8525   1243.8147   1301.0562   1360.9454
 1423.609    1484.2264   1542.6915   1603.8889   1667.9344   1734.808
 1802.1638   1867.395    1938.0323   2014.311    2096.23     2186.6106
 2373.4038   2762.859    3295.8184   3885.877    4529.355    5224.59
 5964.997   ]
/global/home/users/kalatimer/proj/20supersat/src/revmywrf/ss_qss_calculations.py:72: RuntimeWarning: invalid value encountered in true_divide
  return meanr/nconc
[  54.181225   82.26269   117.42699   152.42995   189.40044   228.85385
  268.38275   308.01038   345.64822   383.16428   423.12415   463.20767
  505.57007   550.41534   595.42175   640.59094   685.9261    731.42883
  779.32654   829.77563   878.1805    924.4048    973.0825   1026.6302
 1080.5194   1132.245    1186.5225   1243.4778   1300.7139   1360.5972
 1423.255    1483.8676   1542.3269   1603.5168   1667.5527   1734.419
 1801.7682   1866.991    1937.6176   2013.8827   2095.7864   2186.1516
 2372.9216   2762.3423   3295.2668   3885.3005   4528.8      5224.1157
 5964.621   ]
[  54.185863   82.28268   117.46871   152.49203   189.48224   228.955
  268.5018    308.14563   345.79852   383.32816   423.3018    463.39835
  505.7733    550.6309    595.6489    640.8295    686.1746    731.6867
  779.5944    830.0533    878.46594   924.6975    973.3833   1026.938
 1080.8353   1132.5685   1186.8525   1243.8147   1301.0562   1360.9454
 1423.609    1484.2264   1542.6915   1603.8889   1667.9344   1734.808
 1802.1638   1867.395    1938.0323   2014.311    2096.23     2186.6106
 2373.4038   2762.859    3295.8184   3885.877    4529.355    5224.59
 5964.997   ]
/global/home/users/kalatimer/proj/20supersat/src/revmywrf/ss_qss_calculations.py:72: RuntimeWarning: invalid value encountered in true_divide
  return meanr/nconc
[  54.181225   82.26269   117.42699   152.42995   189.40044   228.85385
  268.38275   308.01038   345.64822   383.16428   423.12415   463.20767
  505.57007   550.41534   595.42175   640.59094   685.9261    731.42883
  779.32654   829.77563   878.1805    924.4048    973.0825   1026.6302
 1080.5194   1132.245    1186.5225   1243.4778   1300.7139   1360.5972
 1423.255    1483.8676   1542.3269   1603.5168   1667.5527   1734.419
 1801.7682   1866.991    1937.6176   2013.8827   2095.7864   2186.1516
 2372.9216   2762.3423   3295.2668   3885.3005   4528.8      5224.1157
 5964.621   ]
[  54.185863   82.28268   117.46871   152.49203   189.48224   228.955
  268.5018    308.14563   345.79852   383.32816   423.3018    463.39835
  505.7733    550.6309    595.6489    640.8295    686.1746    731.6867
  779.5944    830.0533    878.46594   924.6975    973.3833   1026.938
 1080.8353   1132.5685   1186.8525   1243.8147   1301.0562   1360.9454
 1423.609    1484.2264   1542.6915   1603.8889   1667.9344   1734.808
 1802.1638   1867.395    1938.0323   2014.311    2096.23     2186.6106
 2373.4038   2762.859    3295.8184   3885.877    4529.355    5224.59
 5964.997   ]
/global/home/users/kalatimer/proj/20supersat/src/revmywrf/ss_qss_calculations.py:72: RuntimeWarning: invalid value encountered in true_divide
  return meanr/nconc
[  54.181225   82.26269   117.42699   152.42995   189.40044   228.85385
  268.38275   308.01038   345.64822   383.16428   423.12415   463.20767
  505.57007   550.41534   595.42175   640.59094   685.9261    731.42883
  779.32654   829.77563   878.1805    924.4048    973.0825   1026.6302
 1080.5194   1132.245    1186.5225   1243.4778   1300.7139   1360.5972
 1423.255    1483.8676   1542.3269   1603.5168   1667.5527   1734.419
 1801.7682   1866.991    1937.6176   2013.8827   2095.7864   2186.1516
 2372.9216   2762.3423   3295.2668   3885.3005   4528.8      5224.1157
 5964.621   ]
[  54.185863   82.28268   117.46871   152.49203   189.48224   228.955
  268.5018    308.14563   345.79852   383.32816   423.3018    463.39835
  505.7733    550.6309    595.6489    640.8295    686.1746    731.6867
  779.5944    830.0533    878.46594   924.6975    973.3833   1026.938
 1080.8353   1132.5685   1186.8525   1243.8147   1301.0562   1360.9454
 1423.609    1484.2264   1542.6915   1603.8889   1667.9344   1734.808
 1802.1638   1867.395    1938.0323   2014.311    2096.23     2186.6106
 2373.4038   2762.859    3295.8184   3885.877    4529.355    5224.59
 5964.997   ]
allpts Polluted
13.075231782637276
1.8251871464550449
1.0595304950174225
allpts Unpolluted
9.181925833034981
2.7588899566361738
1.7363518557044693
up10perc Polluted
13.075231782637276
2.5118036153075933
1.370959896013785
up10perc Unpolluted
13.1652416731347
4.0274698472813615
2.236962267471993
