20140906 3918.946427998981
20140909 1590.4124003785666
20140911 3077.102517497016
20140912 2843.501222648895
20140916 6373.121416800959
20140918 3300.8322944703327
20140921 3012.6753516866115
20140927 3433.8026453462994
20140928 3506.3158386470764
20140930 4705.81041314293
20141001 5253.123785488736
20140311 2858.5604404092414
20140317 6182.109144737242
20140321 2699.252689802625
20140322 1578.4105771485165
20140323 1747.327160910824
20140326 3391.4865582192306
20140401 3766.5779591423375
20140412 3624.9137385184818
20140418 1948.0162296568815
20140420 2929.7883506295448
20140421 1801.7467135486593
20140423 1984.7898704337053
20140423 1759.1339734063129
20140516 2483.466532910503
20140519 2864.3865245478314
20140520 7512.010319156899
20140530 1177.814820833549
20140531 1841.7274854069647
3473.1524471152097
2444.663453244507
