Traceback (most recent call last):
  File "/global/home/users/kalatimer/proj/20supersat/src/goama/tot_fan_nconc_hist_figsrc.py", line 102, in <module>
    main()
  File "/global/home/users/kalatimer/proj/20supersat/src/goama/tot_fan_nconc_hist_figsrc.py", line 27, in main
    data_date_tuples = get_data_date_tuples(netcdf_files, good_dates)
  File "/global/home/users/kalatimer/proj/20supersat/src/goama/tot_fan_nconc_hist_figsrc.py", line 66, in get_data_date_tuples
    data_date_tuples.append((smps_filename, uhsas_filename, date))
UnboundLocalError: local variable 'uhsas_filename' referenced before assignment
[3985.70975043 4033.92830066 4273.52541284 4033.1766258  3659.74068058
 3932.45028649 3333.37474859 3226.61910548 3318.55214528 3412.60116843
 3113.53104484 3233.90909428 3045.70243215 2967.44578877 3063.50405658
 2866.68776575 2891.90068019 2760.47032512 2959.61012799 3382.56452557
 2183.21299696 1911.71297668 1402.306564   1384.76338442 1325.36012033
 6026.03562507 1120.53743172  884.31195258  792.46806151  865.16327424
  695.83008987 1475.75067274 1438.45025952 1423.52094046 1575.47641809
 1586.57045428 1514.89765041 1550.73001766 1820.88428714 1616.25083876
 1773.54246391 2162.95497385 3981.90225342 1599.46782905 1340.23540132
 1203.44551203 1091.82926494 1028.78422589  815.25860446  843.60927796
  875.0712253  1050.82656707 1152.33148532 1168.12971543 1130.31790058
 1069.17205627 1152.15126407 1159.26225748 1172.97083321 1143.01749362
 1185.63396405 1245.528759   1215.56334196 1558.15437706 2044.61537345
 1868.03955205 1715.60737904 2239.37555383 1946.42733844 2080.51817595
 1985.46355824 2230.71346566 2371.40587324 2416.34526609 2406.83099539
 2727.95455518 2798.67874201 2827.12690621 2698.17321691 2659.64586117
 2447.97621894 2795.00766347 2629.62895808 2810.1182921  3014.52533577
 2743.71718159 3131.91241181 3244.67674376 3067.31865893 2757.68163837
 2908.88707066 2884.07261857 2628.69425696 2556.17679779 2526.54185578
 2760.76633153 2709.00343336 3146.56830166 4201.76317613 4538.98891939
 5060.6905843  4995.19127224 4646.85676075 4715.22860373 5155.66007375
 7384.55790982 8695.06396957 8151.56334517 6525.13952415 5791.21812996
 5967.36756738 5454.84388217 5093.87670152 4602.33435494 4501.64676657
 4549.50043373 4058.31987788 4105.50679673 4339.53434661 4669.28694163
 4610.4740803  3852.66687328 3373.37417936 3213.50460639 3130.86137821
 3066.8102831  3244.64139519 3422.67422206 3646.55514537]
[ 3985.70975043  4033.92830066  4273.52541284  4033.1766258
  3659.74068058  3932.45028649  3333.37474859  3226.61910548
  3318.55214528  3412.60116843  3113.53104484  3233.90909428
  3045.70243215  2967.44578877  3063.50405658  2866.68776575
  2891.90068019  2760.47032512  2959.61012799  3382.56452557
  2183.21299696  1911.71297668  1402.306564    1384.76338442
  1325.36012033  6026.03562507  1120.53743172   884.31195258
   792.46806151   865.16327424   695.83008987  1475.75067274
  1438.45025952  1423.52094046  1575.47641809  1586.57045428
  1514.89765041  1550.73001766  1820.88428714  1616.25083876
  1773.54246391  2162.95497385  3981.90225342  1599.46782905
  1340.23540132  1203.44551203  1091.82926494  1028.78422589
   815.25860446   843.60927796   875.0712253   1050.82656707
  1152.33148532  1168.12971543  1130.31790058  1069.17205627
  1152.15126407  1159.26225748  1172.97083321  1143.01749362
  1185.63396405  1245.528759    1215.56334196  1558.15437706
  2044.61537345  1868.03955205  1715.60737904  2239.37555383
  1946.42733844  2080.51817595  1985.46355824  2230.71346566
  2371.40587324  2416.34526609  2406.83099539  2727.95455518
  2798.67874201  2827.12690621  2698.17321691  2659.64586117
  2447.97621894  2795.00766347  2629.62895808  2810.1182921
  3014.52533577  2743.71718159  3131.91241181  3244.67674376
  3067.31865893  2757.68163837  2908.88707066  2884.07261857
  2628.69425696  2556.17679779  2526.54185578  2760.76633153
  2709.00343336  3146.56830166  4201.76317613  4538.98891939
  5060.6905843   4995.19127224  4646.85676075  4715.22860373
  5155.66007375  7384.55790982  8695.06396957  8151.56334517
  6525.13952415  5791.21812996  5967.36756738  5454.84388217
  5093.87670152  4602.33435494  4501.64676657  4549.50043373
  4058.31987788  4105.50679673  4339.53434661  4669.28694163
  4610.4740803   3852.66687328  3373.37417936  3213.50460639
  3130.86137821  3066.8102831   3244.64139519  3422.67422206
  3646.55514537  5400.7108743   5491.31750294  5229.93085179
  4941.7337935   4712.45889919  4558.90933091  4726.30670701
  4516.45177085  4462.10905433  4405.40992857  4177.67675075
  3985.6334809   4078.49760966  4168.51806367  4093.45655002
  3848.56667929  3742.07001968  3664.41874795  3433.0653873
  3999.74753097  4212.19811041  4087.83253979  4249.28595885
  4116.1454805   3875.20281545  3817.6883183   4026.30403719
  4025.15264178  4017.63283928  3877.82361703  3853.0369139
  3956.72674796  4114.49031262  4151.11185425  4291.64764181
  4425.0148572   4429.10261251  4168.3390277   4129.60096592
  4040.66956888  4068.94595195  4030.06095314  3925.78976318
  4003.5910492   3971.46755852  3877.36712394  3755.36083495
  3514.38662655  3444.46758073  3349.26697327  3221.51182711
  3332.21793545  3267.17126372  3242.62213013  3122.96862576
  2963.86056878  2896.00363955  2966.35234211  2987.03655139
  2950.56618405  2904.09603035  2993.16263335  2943.45630738
  2930.9626628   2931.94262802  3005.75707069  2901.22760348
  2983.73019436  3093.73013574  3164.05094143  3203.77738574
  3117.79808981  3039.08027636  3015.00925292  3071.6707916
  2993.97742672  2933.33360364  2913.3748981   2852.5298393
  2853.77462112  2903.01892319  2823.2948104   2837.32290605
  2785.54945631  2745.61621096  2639.64907115  2744.49297422
  2740.80764018  2740.35206562  2737.64900404  2806.38276395
  2783.34175912  2898.8192569   2987.40308816  3408.54192369
  3257.76098682  3266.49922078  3083.65611498  2957.15771665
  2870.24377296  2899.81188018  2996.96489862  2895.25097514
  2875.51680445  2836.93932767  2847.82205301  2725.24968202
  2470.7135715   2452.76664109  2415.93580063  2366.58822264
  2285.92246492  2331.97198376  2424.89712839  2459.71805696
  2513.54416526  2472.01425725  2441.71739637  2315.99554498
  2301.13771373  2257.502093    2238.37294049  2244.36140161
  2206.36625106  2191.41124689  2209.41674286  2156.82023582
  2212.29453196  2220.2573163   2176.6523411   2391.28806515
  2811.89362833  2783.97511276  2775.88878611  2841.99033585
  2839.56371219  2902.65727175  2852.703757    2911.38848925
  2981.235765    2983.86982708  3046.08743183  3581.70934886
  4673.98734833  4596.91916768  4422.12875719  4264.28381655
  4217.82546922  4419.2464384   4618.7339882   4868.27554362
  4896.300875    4927.53300673  5210.48675262  7314.87784862
  5856.32994464  6265.32262005  6931.0813593   7166.99609511
  9085.43174705 17067.71035565  9191.33160272 14363.86357253
 15938.98389053 12266.67134972 10620.69828181 12363.64947738
 13402.29804577 13901.09375125 15225.06604053 14265.92359379
 17294.944946   44345.17412716 38362.31022608 29934.95946636
 35988.42145599 30934.95753764 26853.33214826 27834.30904775
 26015.54542124 24235.71679491 18331.79014277 16823.87088443
 17933.9903705  16661.14770185 16730.98165667 18601.26604709
 15312.86357537 15784.90568394 11962.98039501 15040.23032755
  4718.93470218  3886.09423557  3967.92521093  3391.89288402
  3340.35812277  3218.35053547  3038.53358927  2886.34513055
  3337.82779465  3938.66843383  4033.76426548  4169.30755144
  5955.62834644  7111.8348395   7797.89961828  8062.26212993
  7974.49568302  7114.54424444  5116.76609484  4709.7867979
  4556.76677465  5535.8824819   5061.15165616  4306.74196206
  4288.32976058 11219.87914537  1432.02236609     0.
  4701.67556361  5693.71066642  5641.28562691  7094.40526837
  3854.42628462     0.          1772.72222223  4805.22805126
  4804.78520228  4706.52594344  4800.5043096   4747.69591053
  4920.87245872  4922.4031785   4739.30635018  5558.42830749
  6455.22208726  6501.43803966  6834.69436058  8836.53976271
  9082.46355772  8107.80559475  7708.81186153  8095.43697971
  8056.48143902 10212.88451538  8088.6127707   7295.12318546
  8434.21396684  8588.41844216  6849.3977381   8058.09156902
 24285.79101382  8207.18561009  8292.88398723 10132.1267519
  9535.93847575  9425.58806258  9468.5099265   9100.70612797
  8781.28829159  9160.12817615  9465.51181862  8998.24700242
  8850.00395784  8945.80817346  9595.82102887  8889.7562341
  8466.5871372   7085.06942076  7476.27968735  6134.39475915
  5585.37208159  5108.38098946  5007.65137277  4499.56371669
  4781.09333603  5312.12455284  4825.30221464  4653.14637694
  4794.09113868  4338.81518751  4454.30070293  4245.86396321
  4880.9930692   5282.47222512  4849.13676044  4991.89721897
  3666.04972709]
[3.98570975e+03 4.03392830e+03 4.27352541e+03 4.03317663e+03
 3.65974068e+03 3.93245029e+03 3.33337475e+03 3.22661911e+03
 3.31855215e+03 3.41260117e+03 3.11353104e+03 3.23390909e+03
 3.04570243e+03 2.96744579e+03 3.06350406e+03 2.86668777e+03
 2.89190068e+03 2.76047033e+03 2.95961013e+03 3.38256453e+03
 2.18321300e+03 1.91171298e+03 1.40230656e+03 1.38476338e+03
 1.32536012e+03 6.02603563e+03 1.12053743e+03 8.84311953e+02
 7.92468062e+02 8.65163274e+02 6.95830090e+02 1.47575067e+03
 1.43845026e+03 1.42352094e+03 1.57547642e+03 1.58657045e+03
 1.51489765e+03 1.55073002e+03 1.82088429e+03 1.61625084e+03
 1.77354246e+03 2.16295497e+03 3.98190225e+03 1.59946783e+03
 1.34023540e+03 1.20344551e+03 1.09182926e+03 1.02878423e+03
 8.15258604e+02 8.43609278e+02 8.75071225e+02 1.05082657e+03
 1.15233149e+03 1.16812972e+03 1.13031790e+03 1.06917206e+03
 1.15215126e+03 1.15926226e+03 1.17297083e+03 1.14301749e+03
 1.18563396e+03 1.24552876e+03 1.21556334e+03 1.55815438e+03
 2.04461537e+03 1.86803955e+03 1.71560738e+03 2.23937555e+03
 1.94642734e+03 2.08051818e+03 1.98546356e+03 2.23071347e+03
 2.37140587e+03 2.41634527e+03 2.40683100e+03 2.72795456e+03
 2.79867874e+03 2.82712691e+03 2.69817322e+03 2.65964586e+03
 2.44797622e+03 2.79500766e+03 2.62962896e+03 2.81011829e+03
 3.01452534e+03 2.74371718e+03 3.13191241e+03 3.24467674e+03
 3.06731866e+03 2.75768164e+03 2.90888707e+03 2.88407262e+03
 2.62869426e+03 2.55617680e+03 2.52654186e+03 2.76076633e+03
 2.70900343e+03 3.14656830e+03 4.20176318e+03 4.53898892e+03
 5.06069058e+03 4.99519127e+03 4.64685676e+03 4.71522860e+03
 5.15566007e+03 7.38455791e+03 8.69506397e+03 8.15156335e+03
 6.52513952e+03 5.79121813e+03 5.96736757e+03 5.45484388e+03
 5.09387670e+03 4.60233435e+03 4.50164677e+03 4.54950043e+03
 4.05831988e+03 4.10550680e+03 4.33953435e+03 4.66928694e+03
 4.61047408e+03 3.85266687e+03 3.37337418e+03 3.21350461e+03
 3.13086138e+03 3.06681028e+03 3.24464140e+03 3.42267422e+03
 3.64655515e+03 5.40071087e+03 5.49131750e+03 5.22993085e+03
 4.94173379e+03 4.71245890e+03 4.55890933e+03 4.72630671e+03
 4.51645177e+03 4.46210905e+03 4.40540993e+03 4.17767675e+03
 3.98563348e+03 4.07849761e+03 4.16851806e+03 4.09345655e+03
 3.84856668e+03 3.74207002e+03 3.66441875e+03 3.43306539e+03
 3.99974753e+03 4.21219811e+03 4.08783254e+03 4.24928596e+03
 4.11614548e+03 3.87520282e+03 3.81768832e+03 4.02630404e+03
 4.02515264e+03 4.01763284e+03 3.87782362e+03 3.85303691e+03
 3.95672675e+03 4.11449031e+03 4.15111185e+03 4.29164764e+03
 4.42501486e+03 4.42910261e+03 4.16833903e+03 4.12960097e+03
 4.04066957e+03 4.06894595e+03 4.03006095e+03 3.92578976e+03
 4.00359105e+03 3.97146756e+03 3.87736712e+03 3.75536083e+03
 3.51438663e+03 3.44446758e+03 3.34926697e+03 3.22151183e+03
 3.33221794e+03 3.26717126e+03 3.24262213e+03 3.12296863e+03
 2.96386057e+03 2.89600364e+03 2.96635234e+03 2.98703655e+03
 2.95056618e+03 2.90409603e+03 2.99316263e+03 2.94345631e+03
 2.93096266e+03 2.93194263e+03 3.00575707e+03 2.90122760e+03
 2.98373019e+03 3.09373014e+03 3.16405094e+03 3.20377739e+03
 3.11779809e+03 3.03908028e+03 3.01500925e+03 3.07167079e+03
 2.99397743e+03 2.93333360e+03 2.91337490e+03 2.85252984e+03
 2.85377462e+03 2.90301892e+03 2.82329481e+03 2.83732291e+03
 2.78554946e+03 2.74561621e+03 2.63964907e+03 2.74449297e+03
 2.74080764e+03 2.74035207e+03 2.73764900e+03 2.80638276e+03
 2.78334176e+03 2.89881926e+03 2.98740309e+03 3.40854192e+03
 3.25776099e+03 3.26649922e+03 3.08365611e+03 2.95715772e+03
 2.87024377e+03 2.89981188e+03 2.99696490e+03 2.89525098e+03
 2.87551680e+03 2.83693933e+03 2.84782205e+03 2.72524968e+03
 2.47071357e+03 2.45276664e+03 2.41593580e+03 2.36658822e+03
 2.28592246e+03 2.33197198e+03 2.42489713e+03 2.45971806e+03
 2.51354417e+03 2.47201426e+03 2.44171740e+03 2.31599554e+03
 2.30113771e+03 2.25750209e+03 2.23837294e+03 2.24436140e+03
 2.20636625e+03 2.19141125e+03 2.20941674e+03 2.15682024e+03
 2.21229453e+03 2.22025732e+03 2.17665234e+03 2.39128807e+03
 2.81189363e+03 2.78397511e+03 2.77588879e+03 2.84199034e+03
 2.83956371e+03 2.90265727e+03 2.85270376e+03 2.91138849e+03
 2.98123576e+03 2.98386983e+03 3.04608743e+03 3.58170935e+03
 4.67398735e+03 4.59691917e+03 4.42212876e+03 4.26428382e+03
 4.21782547e+03 4.41924644e+03 4.61873399e+03 4.86827554e+03
 4.89630087e+03 4.92753301e+03 5.21048675e+03 7.31487785e+03
 5.85632994e+03 6.26532262e+03 6.93108136e+03 7.16699610e+03
 9.08543175e+03 1.70677104e+04 9.19133160e+03 1.43638636e+04
 1.59389839e+04 1.22666713e+04 1.06206983e+04 1.23636495e+04
 1.34022980e+04 1.39010938e+04 1.52250660e+04 1.42659236e+04
 1.72949449e+04 4.43451741e+04 3.83623102e+04 2.99349595e+04
 3.59884215e+04 3.09349575e+04 2.68533321e+04 2.78343090e+04
 2.60155454e+04 2.42357168e+04 1.83317901e+04 1.68238709e+04
 1.79339904e+04 1.66611477e+04 1.67309817e+04 1.86012660e+04
 1.53128636e+04 1.57849057e+04 1.19629804e+04 1.50402303e+04
 4.71893470e+03 3.88609424e+03 3.96792521e+03 3.39189288e+03
 3.34035812e+03 3.21835054e+03 3.03853359e+03 2.88634513e+03
 3.33782779e+03 3.93866843e+03 4.03376427e+03 4.16930755e+03
 5.95562835e+03 7.11183484e+03 7.79789962e+03 8.06226213e+03
 7.97449568e+03 7.11454424e+03 5.11676609e+03 4.70978680e+03
 4.55676677e+03 5.53588248e+03 5.06115166e+03 4.30674196e+03
 4.28832976e+03 1.12198791e+04 1.43202237e+03 0.00000000e+00
 4.70167556e+03 5.69371067e+03 5.64128563e+03 7.09440527e+03
 3.85442628e+03 0.00000000e+00 1.77272222e+03 4.80522805e+03
 4.80478520e+03 4.70652594e+03 4.80050431e+03 4.74769591e+03
 4.92087246e+03 4.92240318e+03 4.73930635e+03 5.55842831e+03
 6.45522209e+03 6.50143804e+03 6.83469436e+03 8.83653976e+03
 9.08246356e+03 8.10780559e+03 7.70881186e+03 8.09543698e+03
 8.05648144e+03 1.02128845e+04 8.08861277e+03 7.29512319e+03
 8.43421397e+03 8.58841844e+03 6.84939774e+03 8.05809157e+03
 2.42857910e+04 8.20718561e+03 8.29288399e+03 1.01321268e+04
 9.53593848e+03 9.42558806e+03 9.46850993e+03 9.10070613e+03
 8.78128829e+03 9.16012818e+03 9.46551182e+03 8.99824700e+03
 8.85000396e+03 8.94580817e+03 9.59582103e+03 8.88975623e+03
 8.46658714e+03 7.08506942e+03 7.47627969e+03 6.13439476e+03
 5.58537208e+03 5.10838099e+03 5.00765137e+03 4.49956372e+03
 4.78109334e+03 5.31212455e+03 4.82530221e+03 4.65314638e+03
 4.79409114e+03 4.33881519e+03 4.45430070e+03 4.24586396e+03
 4.88099307e+03 5.28247223e+03 4.84913676e+03 4.99189722e+03
 3.66604973e+03 3.04626590e+03 3.39403933e+03 2.52250171e+03
 2.73448640e+03 2.55874946e+03 3.07919431e+03 3.25485805e+03
 3.24232410e+03 3.33744101e+03 3.02785700e+03 3.15129958e+03
 3.24790862e+03 2.79696408e+03 2.30902862e+03 1.62299927e+03
 1.54238407e+03 1.65869489e+03 1.14702115e+03 1.19829569e+03
 8.97297055e+02 1.13525673e+03 1.32605281e+03 1.47658234e+03
 1.40087204e+03 1.39123746e+03 1.10068803e+03 9.19509446e+02
 9.10881147e+02 1.01281161e+03 1.00763463e+03 8.40720759e+02
 8.04245201e+02 6.30639208e+02 5.80435982e+02 5.16384791e+02
 4.94685225e+02 4.53455719e+02 4.39823205e+02 4.46788739e+02
 4.34216067e+02 4.17090592e+02 4.22167727e+02 4.26879568e+02
 4.27437726e+02 4.57359269e+02 4.72130909e+02 4.50292854e+02
 4.60908430e+02 5.02377266e+02 4.83442620e+02 4.55433450e+02
 4.40756772e+02 4.35805938e+02 4.21459614e+02 4.15709432e+02
 4.08271898e+02 4.18993064e+02 4.47588466e+02 4.20423209e+02
 4.29610098e+02 4.09263309e+02 4.16319457e+02 3.93495334e+02
 4.03598532e+02 3.82202937e+02 4.12407188e+02 4.12941594e+02
 4.04158711e+02 4.09983764e+02 3.99328548e+02 3.99489280e+02
 4.26591443e+02 4.09078330e+02 3.87859476e+02 3.99827005e+02
 4.04485018e+02 3.87481324e+02 4.07104680e+02 4.12189365e+02
 4.54884991e+02 4.06376758e+02 3.96362900e+02 4.07594734e+02
 4.05618934e+02 3.83706947e+02 3.97270299e+02 3.96089732e+02
 3.97643084e+02 4.33888162e+02 4.52043439e+02 3.91912625e+02
 3.94227207e+02 4.19884656e+02 5.88410076e+02 6.84326805e+02
 7.37418596e+02 7.87815909e+02 7.56915087e+02 7.71326408e+02
 8.66354499e+02 1.03958720e+03 1.08878595e+03 9.04819927e+02
 8.90513426e+02 7.92206916e+02 7.32236656e+02 7.15212747e+02
 6.04183087e+02 6.34701876e+02 6.82063611e+02 7.07810101e+02
 7.83576611e+02 7.42632496e+02 7.48164549e+02 7.94942507e+02
 8.65321024e+02 9.23949328e+02 1.07607410e+03 1.21084881e+03
 1.37463258e+03 1.36781944e+03 1.43688744e+03 1.37438228e+03
 1.36911210e+03 1.27777927e+03 1.10944185e+03 1.11075457e+03
 1.09676577e+03 1.08808109e+03 1.07103873e+03 1.04800695e+03
 1.04975394e+03 9.79058516e+02 9.89091380e+02 9.41321949e+02
 1.45536340e+03 1.50998403e+03 8.40649363e+02 1.25861756e+03
 6.59168314e+02 8.04825995e+02 6.51810122e+02 6.78315950e+02
 6.48578654e+02 7.00361373e+02 6.49865954e+02 6.59981202e+02
 6.40939192e+02 7.53060163e+02 8.35659502e+02 8.37730014e+02
 1.37116859e+03 8.48289369e+02 8.02925965e+02 7.84367020e+02
 8.11097129e+02 8.29119336e+02 8.79111993e+02 9.25314507e+02
 1.00483152e+03 1.09355739e+03 1.08324945e+03 1.09205812e+03
 1.71491073e+03 1.60801213e+03 1.54800131e+03 1.70196782e+03
 1.55366822e+03 1.64100622e+03 1.77434338e+03 1.72839279e+03
 1.70853751e+03 1.83465349e+03 1.88738141e+03 1.96360002e+03
 1.99659493e+03 2.24929272e+03 2.33049931e+03 2.91529903e+03
 2.88397849e+03 2.29381257e+03 2.45357756e+03 2.58007070e+03
 0.00000000e+00 5.13419697e+00 3.93672455e+03 4.31902162e+03
 4.61727444e+03 4.55370587e+03 4.57804899e+03 4.98342716e+03
 5.41159433e+03 5.39234607e+03 5.16102075e+03 4.42182989e+03
 5.46452856e+03 5.43511537e+03 5.70912631e+03 5.76295211e+03
 5.89854140e+03 1.93158079e+04 6.04404946e+03 5.90834351e+03
 8.30590778e+03 1.28606916e+04 9.58796599e+03 5.33318782e+03
 5.08931815e+03 5.14113299e+03 5.05065987e+03 5.44258700e+03
 5.11842629e+03 4.90858405e+03 5.19002289e+03 5.35132297e+03
 5.48336258e+03 5.24003566e+03 5.47889626e+03 5.18514402e+03
 5.55330438e+03 5.28167753e+03 5.17919797e+03 4.65142945e+03
 4.78874491e+03 4.37285392e+03 4.43687569e+03 3.95542556e+03
 3.98499211e+03 3.86630056e+03 4.13027378e+03 4.09245173e+03
 4.29273381e+03 4.82795395e+03 3.55514484e+03 3.89451323e+03
 4.49722819e+03 5.67927296e+03 7.13376995e+03 7.78220681e+03
 7.23862486e+03 6.89113724e+03 7.39758615e+03 7.09419926e+03
 6.74686990e+03 6.18117627e+03 6.06780218e+03 6.34250124e+03
 7.12402339e+03 6.85488099e+03 6.72238529e+03 6.48287484e+03
 6.38518586e+03 6.17373845e+03 6.74326226e+03 6.37679608e+03
 6.03521598e+03 5.98430487e+03 6.02871252e+03 5.90751511e+03
 5.45972043e+03 5.06543068e+03 5.11249121e+03 5.36954190e+03
 5.22135212e+03 5.16350197e+03 5.01153480e+03 4.76806080e+03
 5.15970224e+03 5.14195386e+03 5.18588749e+03 5.12528917e+03
 5.08320231e+03 5.02619696e+03 0.00000000e+00 6.84165467e+01
 4.92770307e+03 5.06867637e+03 4.83909057e+03 4.76738757e+03
 4.75750148e+03 5.72750943e+03 1.37313848e+04 7.81421597e+03
 5.66941029e+03 6.07079379e+03 5.18376346e+03 5.20440783e+03
 4.62595727e+03]No handles with labels found to put in legend.

[3.98570975e+03 4.03392830e+03 4.27352541e+03 4.03317663e+03
 3.65974068e+03 3.93245029e+03 3.33337475e+03 3.22661911e+03
 3.31855215e+03 3.41260117e+03 3.11353104e+03 3.23390909e+03
 3.04570243e+03 2.96744579e+03 3.06350406e+03 2.86668777e+03
 2.89190068e+03 2.76047033e+03 2.95961013e+03 3.38256453e+03
 2.18321300e+03 1.91171298e+03 1.40230656e+03 1.38476338e+03
 1.32536012e+03 6.02603563e+03 1.12053743e+03 8.84311953e+02
 7.92468062e+02 8.65163274e+02 6.95830090e+02 1.47575067e+03
 1.43845026e+03 1.42352094e+03 1.57547642e+03 1.58657045e+03
 1.51489765e+03 1.55073002e+03 1.82088429e+03 1.61625084e+03
 1.77354246e+03 2.16295497e+03 3.98190225e+03 1.59946783e+03
 1.34023540e+03 1.20344551e+03 1.09182926e+03 1.02878423e+03
 8.15258604e+02 8.43609278e+02 8.75071225e+02 1.05082657e+03
 1.15233149e+03 1.16812972e+03 1.13031790e+03 1.06917206e+03
 1.15215126e+03 1.15926226e+03 1.17297083e+03 1.14301749e+03
 1.18563396e+03 1.24552876e+03 1.21556334e+03 1.55815438e+03
 2.04461537e+03 1.86803955e+03 1.71560738e+03 2.23937555e+03
 1.94642734e+03 2.08051818e+03 1.98546356e+03 2.23071347e+03
 2.37140587e+03 2.41634527e+03 2.40683100e+03 2.72795456e+03
 2.79867874e+03 2.82712691e+03 2.69817322e+03 2.65964586e+03
 2.44797622e+03 2.79500766e+03 2.62962896e+03 2.81011829e+03
 3.01452534e+03 2.74371718e+03 3.13191241e+03 3.24467674e+03
 3.06731866e+03 2.75768164e+03 2.90888707e+03 2.88407262e+03
 2.62869426e+03 2.55617680e+03 2.52654186e+03 2.76076633e+03
 2.70900343e+03 3.14656830e+03 4.20176318e+03 4.53898892e+03
 5.06069058e+03 4.99519127e+03 4.64685676e+03 4.71522860e+03
 5.15566007e+03 7.38455791e+03 8.69506397e+03 8.15156335e+03
 6.52513952e+03 5.79121813e+03 5.96736757e+03 5.45484388e+03
 5.09387670e+03 4.60233435e+03 4.50164677e+03 4.54950043e+03
 4.05831988e+03 4.10550680e+03 4.33953435e+03 4.66928694e+03
 4.61047408e+03 3.85266687e+03 3.37337418e+03 3.21350461e+03
 3.13086138e+03 3.06681028e+03 3.24464140e+03 3.42267422e+03
 3.64655515e+03 5.40071087e+03 5.49131750e+03 5.22993085e+03
 4.94173379e+03 4.71245890e+03 4.55890933e+03 4.72630671e+03
 4.51645177e+03 4.46210905e+03 4.40540993e+03 4.17767675e+03
 3.98563348e+03 4.07849761e+03 4.16851806e+03 4.09345655e+03
 3.84856668e+03 3.74207002e+03 3.66441875e+03 3.43306539e+03
 3.99974753e+03 4.21219811e+03 4.08783254e+03 4.24928596e+03
 4.11614548e+03 3.87520282e+03 3.81768832e+03 4.02630404e+03
 4.02515264e+03 4.01763284e+03 3.87782362e+03 3.85303691e+03
 3.95672675e+03 4.11449031e+03 4.15111185e+03 4.29164764e+03
 4.42501486e+03 4.42910261e+03 4.16833903e+03 4.12960097e+03
 4.04066957e+03 4.06894595e+03 4.03006095e+03 3.92578976e+03
 4.00359105e+03 3.97146756e+03 3.87736712e+03 3.75536083e+03
 3.51438663e+03 3.44446758e+03 3.34926697e+03 3.22151183e+03
 3.33221794e+03 3.26717126e+03 3.24262213e+03 3.12296863e+03
 2.96386057e+03 2.89600364e+03 2.96635234e+03 2.98703655e+03
 2.95056618e+03 2.90409603e+03 2.99316263e+03 2.94345631e+03
 2.93096266e+03 2.93194263e+03 3.00575707e+03 2.90122760e+03
 2.98373019e+03 3.09373014e+03 3.16405094e+03 3.20377739e+03
 3.11779809e+03 3.03908028e+03 3.01500925e+03 3.07167079e+03
 2.99397743e+03 2.93333360e+03 2.91337490e+03 2.85252984e+03
 2.85377462e+03 2.90301892e+03 2.82329481e+03 2.83732291e+03
 2.78554946e+03 2.74561621e+03 2.63964907e+03 2.74449297e+03
 2.74080764e+03 2.74035207e+03 2.73764900e+03 2.80638276e+03
 2.78334176e+03 2.89881926e+03 2.98740309e+03 3.40854192e+03
 3.25776099e+03 3.26649922e+03 3.08365611e+03 2.95715772e+03
 2.87024377e+03 2.89981188e+03 2.99696490e+03 2.89525098e+03
 2.87551680e+03 2.83693933e+03 2.84782205e+03 2.72524968e+03
 2.47071357e+03 2.45276664e+03 2.41593580e+03 2.36658822e+03
 2.28592246e+03 2.33197198e+03 2.42489713e+03 2.45971806e+03
 2.51354417e+03 2.47201426e+03 2.44171740e+03 2.31599554e+03
 2.30113771e+03 2.25750209e+03 2.23837294e+03 2.24436140e+03
 2.20636625e+03 2.19141125e+03 2.20941674e+03 2.15682024e+03
 2.21229453e+03 2.22025732e+03 2.17665234e+03 2.39128807e+03
 2.81189363e+03 2.78397511e+03 2.77588879e+03 2.84199034e+03
 2.83956371e+03 2.90265727e+03 2.85270376e+03 2.91138849e+03
 2.98123576e+03 2.98386983e+03 3.04608743e+03 3.58170935e+03
 4.67398735e+03 4.59691917e+03 4.42212876e+03 4.26428382e+03
 4.21782547e+03 4.41924644e+03 4.61873399e+03 4.86827554e+03
 4.89630087e+03 4.92753301e+03 5.21048675e+03 7.31487785e+03
 5.85632994e+03 6.26532262e+03 6.93108136e+03 7.16699610e+03
 9.08543175e+03 1.70677104e+04 9.19133160e+03 1.43638636e+04
 1.59389839e+04 1.22666713e+04 1.06206983e+04 1.23636495e+04
 1.34022980e+04 1.39010938e+04 1.52250660e+04 1.42659236e+04
 1.72949449e+04 4.43451741e+04 3.83623102e+04 2.99349595e+04
 3.59884215e+04 3.09349575e+04 2.68533321e+04 2.78343090e+04
 2.60155454e+04 2.42357168e+04 1.83317901e+04 1.68238709e+04
 1.79339904e+04 1.66611477e+04 1.67309817e+04 1.86012660e+04
 1.53128636e+04 1.57849057e+04 1.19629804e+04 1.50402303e+04
 4.71893470e+03 3.88609424e+03 3.96792521e+03 3.39189288e+03
 3.34035812e+03 3.21835054e+03 3.03853359e+03 2.88634513e+03
 3.33782779e+03 3.93866843e+03 4.03376427e+03 4.16930755e+03
 5.95562835e+03 7.11183484e+03 7.79789962e+03 8.06226213e+03
 7.97449568e+03 7.11454424e+03 5.11676609e+03 4.70978680e+03
 4.55676677e+03 5.53588248e+03 5.06115166e+03 4.30674196e+03
 4.28832976e+03 1.12198791e+04 1.43202237e+03 0.00000000e+00
 4.70167556e+03 5.69371067e+03 5.64128563e+03 7.09440527e+03
 3.85442628e+03 0.00000000e+00 1.77272222e+03 4.80522805e+03
 4.80478520e+03 4.70652594e+03 4.80050431e+03 4.74769591e+03
 4.92087246e+03 4.92240318e+03 4.73930635e+03 5.55842831e+03
 6.45522209e+03 6.50143804e+03 6.83469436e+03 8.83653976e+03
 9.08246356e+03 8.10780559e+03 7.70881186e+03 8.09543698e+03
 8.05648144e+03 1.02128845e+04 8.08861277e+03 7.29512319e+03
 8.43421397e+03 8.58841844e+03 6.84939774e+03 8.05809157e+03
 2.42857910e+04 8.20718561e+03 8.29288399e+03 1.01321268e+04
 9.53593848e+03 9.42558806e+03 9.46850993e+03 9.10070613e+03
 8.78128829e+03 9.16012818e+03 9.46551182e+03 8.99824700e+03
 8.85000396e+03 8.94580817e+03 9.59582103e+03 8.88975623e+03
 8.46658714e+03 7.08506942e+03 7.47627969e+03 6.13439476e+03
 5.58537208e+03 5.10838099e+03 5.00765137e+03 4.49956372e+03
 4.78109334e+03 5.31212455e+03 4.82530221e+03 4.65314638e+03
 4.79409114e+03 4.33881519e+03 4.45430070e+03 4.24586396e+03
 4.88099307e+03 5.28247223e+03 4.84913676e+03 4.99189722e+03
 3.66604973e+03 3.04626590e+03 3.39403933e+03 2.52250171e+03
 2.73448640e+03 2.55874946e+03 3.07919431e+03 3.25485805e+03
 3.24232410e+03 3.33744101e+03 3.02785700e+03 3.15129958e+03
 3.24790862e+03 2.79696408e+03 2.30902862e+03 1.62299927e+03
 1.54238407e+03 1.65869489e+03 1.14702115e+03 1.19829569e+03
 8.97297055e+02 1.13525673e+03 1.32605281e+03 1.47658234e+03
 1.40087204e+03 1.39123746e+03 1.10068803e+03 9.19509446e+02
 9.10881147e+02 1.01281161e+03 1.00763463e+03 8.40720759e+02
 8.04245201e+02 6.30639208e+02 5.80435982e+02 5.16384791e+02
 4.94685225e+02 4.53455719e+02 4.39823205e+02 4.46788739e+02
 4.34216067e+02 4.17090592e+02 4.22167727e+02 4.26879568e+02
 4.27437726e+02 4.57359269e+02 4.72130909e+02 4.50292854e+02
 4.60908430e+02 5.02377266e+02 4.83442620e+02 4.55433450e+02
 4.40756772e+02 4.35805938e+02 4.21459614e+02 4.15709432e+02
 4.08271898e+02 4.18993064e+02 4.47588466e+02 4.20423209e+02
 4.29610098e+02 4.09263309e+02 4.16319457e+02 3.93495334e+02
 4.03598532e+02 3.82202937e+02 4.12407188e+02 4.12941594e+02
 4.04158711e+02 4.09983764e+02 3.99328548e+02 3.99489280e+02
 4.26591443e+02 4.09078330e+02 3.87859476e+02 3.99827005e+02
 4.04485018e+02 3.87481324e+02 4.07104680e+02 4.12189365e+02
 4.54884991e+02 4.06376758e+02 3.96362900e+02 4.07594734e+02
 4.05618934e+02 3.83706947e+02 3.97270299e+02 3.96089732e+02
 3.97643084e+02 4.33888162e+02 4.52043439e+02 3.91912625e+02
 3.94227207e+02 4.19884656e+02 5.88410076e+02 6.84326805e+02
 7.37418596e+02 7.87815909e+02 7.56915087e+02 7.71326408e+02
 8.66354499e+02 1.03958720e+03 1.08878595e+03 9.04819927e+02
 8.90513426e+02 7.92206916e+02 7.32236656e+02 7.15212747e+02
 6.04183087e+02 6.34701876e+02 6.82063611e+02 7.07810101e+02
 7.83576611e+02 7.42632496e+02 7.48164549e+02 7.94942507e+02
 8.65321024e+02 9.23949328e+02 1.07607410e+03 1.21084881e+03
 1.37463258e+03 1.36781944e+03 1.43688744e+03 1.37438228e+03
 1.36911210e+03 1.27777927e+03 1.10944185e+03 1.11075457e+03
 1.09676577e+03 1.08808109e+03 1.07103873e+03 1.04800695e+03
 1.04975394e+03 9.79058516e+02 9.89091380e+02 9.41321949e+02
 1.45536340e+03 1.50998403e+03 8.40649363e+02 1.25861756e+03
 6.59168314e+02 8.04825995e+02 6.51810122e+02 6.78315950e+02
 6.48578654e+02 7.00361373e+02 6.49865954e+02 6.59981202e+02
 6.40939192e+02 7.53060163e+02 8.35659502e+02 8.37730014e+02
 1.37116859e+03 8.48289369e+02 8.02925965e+02 7.84367020e+02
 8.11097129e+02 8.29119336e+02 8.79111993e+02 9.25314507e+02
 1.00483152e+03 1.09355739e+03 1.08324945e+03 1.09205812e+03
 1.71491073e+03 1.60801213e+03 1.54800131e+03 1.70196782e+03
 1.55366822e+03 1.64100622e+03 1.77434338e+03 1.72839279e+03
 1.70853751e+03 1.83465349e+03 1.88738141e+03 1.96360002e+03
 1.99659493e+03 2.24929272e+03 2.33049931e+03 2.91529903e+03
 2.88397849e+03 2.29381257e+03 2.45357756e+03 2.58007070e+03
 0.00000000e+00 5.13419697e+00 3.93672455e+03 4.31902162e+03
 4.61727444e+03 4.55370587e+03 4.57804899e+03 4.98342716e+03
 5.41159433e+03 5.39234607e+03 5.16102075e+03 4.42182989e+03
 5.46452856e+03 5.43511537e+03 5.70912631e+03 5.76295211e+03
 5.89854140e+03 1.93158079e+04 6.04404946e+03 5.90834351e+03
 8.30590778e+03 1.28606916e+04 9.58796599e+03 5.33318782e+03
 5.08931815e+03 5.14113299e+03 5.05065987e+03 5.44258700e+03
 5.11842629e+03 4.90858405e+03 5.19002289e+03 5.35132297e+03
 5.48336258e+03 5.24003566e+03 5.47889626e+03 5.18514402e+03
 5.55330438e+03 5.28167753e+03 5.17919797e+03 4.65142945e+03
 4.78874491e+03 4.37285392e+03 4.43687569e+03 3.95542556e+03
 3.98499211e+03 3.86630056e+03 4.13027378e+03 4.09245173e+03
 4.29273381e+03 4.82795395e+03 3.55514484e+03 3.89451323e+03
 4.49722819e+03 5.67927296e+03 7.13376995e+03 7.78220681e+03
 7.23862486e+03 6.89113724e+03 7.39758615e+03 7.09419926e+03
 6.74686990e+03 6.18117627e+03 6.06780218e+03 6.34250124e+03
 7.12402339e+03 6.85488099e+03 6.72238529e+03 6.48287484e+03
 6.38518586e+03 6.17373845e+03 6.74326226e+03 6.37679608e+03
 6.03521598e+03 5.98430487e+03 6.02871252e+03 5.90751511e+03
 5.45972043e+03 5.06543068e+03 5.11249121e+03 5.36954190e+03
 5.22135212e+03 5.16350197e+03 5.01153480e+03 4.76806080e+03
 5.15970224e+03 5.14195386e+03 5.18588749e+03 5.12528917e+03
 5.08320231e+03 5.02619696e+03 0.00000000e+00 6.84165467e+01
 4.92770307e+03 5.06867637e+03 4.83909057e+03 4.76738757e+03
 4.75750148e+03 5.72750943e+03 1.37313848e+04 7.81421597e+03
 5.66941029e+03 6.07079379e+03 5.18376346e+03 5.20440783e+03
 4.62595727e+03 4.82095835e+03 5.15535476e+03 6.92684305e+03
 6.24743933e+03 5.51776917e+03 5.40982300e+03 5.49040308e+03
 6.22361358e+03 5.48685787e+03 5.09086483e+03 5.12119265e+03
 5.84167835e+03 5.70623737e+03 5.07178090e+03 4.67529471e+03
 4.86300876e+03 4.70766402e+03 4.61490439e+03 4.31036279e+03
 4.11109351e+03 4.60588990e+03 4.67184671e+03 1.19157480e+04
 8.80135023e+03 6.86099056e+03 5.33128196e+03 5.42079649e+03
 2.81804174e+03 2.88905661e+03 2.93526624e+03 2.95882158e+03
 3.48875117e+03 2.97005529e+03 2.54845357e+03 2.53062592e+03
 2.51877280e+03 1.71328473e+03 1.78735393e+03 1.91376850e+03
 1.91152441e+03 2.02336624e+03 1.84301288e+03 1.97823861e+03
 1.82449109e+03 1.66199685e+03 1.73504133e+03 1.82153127e+03
 1.64435356e+03 1.65282850e+03 1.74007859e+03 1.96817065e+03
 2.07527115e+03 2.04885418e+03 2.03789810e+03 2.17093797e+03
 2.05481648e+03 2.05121542e+03 1.98100322e+03 1.85506535e+03
 1.82580519e+03 1.65045260e+03 1.68419832e+03 1.73490213e+03
 1.58447916e+03 1.68821968e+03 1.56186418e+03 1.34608833e+03
 1.27452685e+03 1.15634584e+03 1.07002787e+03 1.45293714e+03
 9.24978673e+02 1.03112299e+03 1.03717894e+03 1.04501214e+03
 1.13983512e+03 1.11895255e+03 1.21628361e+03 1.08916645e+03
 1.02766234e+03 1.00758232e+03 1.13200073e+03 9.18504349e+02
 1.02462983e+03 1.09337877e+03 9.74389652e+02 9.38499027e+02
 1.02421588e+03 1.14388833e+03 9.69071912e+02 9.60760217e+02
 1.08549746e+03 9.99671563e+02 1.01113271e+03 9.41964321e+02
 9.57739624e+02 9.75563568e+02 1.01766632e+03 1.04545740e+03
 1.03819433e+03 1.03201466e+03 1.00425009e+03 1.00008491e+03
 1.03215024e+03 1.07085950e+03 1.04589370e+03 1.05251132e+03
 1.76351300e+03 1.85482344e+03 1.75096195e+03 1.33483409e+03
 1.07552046e+03 1.08551806e+03 1.13040233e+03 1.08135366e+03
 1.15848694e+03 1.35001960e+03 1.64300703e+03 1.68438733e+03
 1.65892752e+03 1.63928830e+03 1.55443455e+03 1.62744751e+03
 1.83135135e+03 1.80053141e+03 1.85740828e+03 1.69887467e+03
 1.66959837e+03 1.57903425e+03 1.63182925e+03 2.39134186e+03
 1.54561403e+03 1.83415843e+03 3.20008505e+03 2.32218970e+03
 2.45311116e+03 3.92062402e+03 3.72642190e+03 4.23936393e+03
 3.83265199e+03 3.51609377e+03 3.11208083e+03 1.84861321e+03
 2.50943458e+03 3.44756391e+03 5.55645342e+03 3.70972133e+03
 2.23861543e+03 1.96925479e+03 1.77863989e+03 1.56388043e+03
 1.43329002e+03 1.36995524e+03 1.05576994e+03 9.44304348e+02
 8.05472926e+02 8.43214160e+02 7.51527055e+02 7.33257416e+02
 7.68052615e+02 6.16246315e+02 6.04909867e+02 5.96398799e+02
 5.98379485e+02 5.95744825e+02 5.64268582e+02 5.78393390e+02
 5.48947624e+02 5.01415558e+02 5.00341138e+02 4.44336009e+02
 4.26843276e+02 4.44793339e+02 4.57446392e+02 4.58729149e+02
 4.30569821e+02 4.21842989e+02 4.26155743e+02 4.32681412e+02
 4.99813832e+02 4.58934345e+02 4.53470185e+02 4.23133726e+02
 4.08894033e+02 4.20862832e+02 4.20132844e+02 4.21729264e+02
 5.85451037e+02 4.52055930e+02 4.79517928e+02 4.78719915e+02
 4.52579605e+02 5.22322083e+02 5.14759614e+02 4.81789078e+02
 4.04425619e+02 4.23670799e+02 4.31335464e+02 4.18037202e+02
 3.84130798e+02 3.54089522e+02 3.27015310e+02 3.30679721e+02
 3.59788987e+02 3.61332982e+02 3.77578963e+02 4.73815070e+02
 7.23829768e+02 1.47397903e+03 8.57720431e+02 1.29122309e+03
 3.82143491e+03 1.49935382e+03 2.15631127e+03 8.57538475e+02
 4.09695956e+02 4.48022932e+02 3.52468104e+02 4.10919129e+02
 4.22285611e+02 4.43806892e+02 4.31174814e+02 4.10727783e+02
 5.96575740e+02 6.00931088e+02 4.79473530e+02 4.97540740e+02
 5.02639900e+02 4.07627874e+02 4.00093009e+02 4.31343700e+02
 4.26469247e+02 4.01122463e+02 4.13650751e+02 4.13476346e+02
 4.05982967e+02 4.02604153e+02 5.47182662e+02 5.93386496e+02
 6.25891925e+02 5.52570363e+02 4.93243025e+02 3.94399260e+02
 3.93705722e+02 3.76203708e+02 3.65006791e+02 3.65526256e+02
 4.86453626e+02 5.53737461e+02 5.87080515e+02 6.77594190e+02
 8.64313416e+02 1.11080037e+03 7.66516800e+02 9.06741698e+02
 9.20236502e+02 6.11065430e+02 6.96525207e+02 7.96342835e+02
 8.08860043e+02 4.49794119e+02 4.45314665e+02 4.12697618e+02
 4.10568441e+02 4.22619473e+02 4.54436440e+02 4.59849217e+02
 4.46018248e+02 4.47711834e+02 4.51527585e+02 4.85091933e+02
 4.91977435e+02 5.13167902e+02 4.80103028e+02 4.80292736e+02
 4.53680636e+02 4.63199523e+02 4.57863043e+02 4.77669327e+02
 4.40239439e+02 4.75921666e+02 4.99194821e+02 5.74453637e+02
 5.39910771e+02 5.26735491e+02 5.35715279e+02 8.15266195e+02
 6.26387650e+02]
[3985.70975043 4033.92830066 4273.52541284 ... 1040.1168591  1119.42087791
  990.15085209]
[3985.70975043 4033.92830066 4273.52541284 ... 1664.13867497 1687.01651869
 1669.27219388]
[3985.70975043 4033.92830066 4273.52541284 ...  953.70250833  991.25130243
 1014.90206175]
[3985.70975043 4033.92830066 4273.52541284 ... 5283.76960694 5199.83418061
 5050.77996157]
[3985.70975043 4033.92830066 4273.52541284 ... 3045.36183744 1705.60392936
 1700.03903749]
[3985.70975043 4033.92830066 4273.52541284 ... 2424.65265099 2399.22399923
 2413.17347856]
[3985.70975043 4033.92830066 4273.52541284 ...  630.16749596  601.97651607
  570.5881447 ]
[3985.70975043 4033.92830066 4273.52541284 ...    0.         2794.2400542
    0.        ]
[3985.70975043 4033.92830066 4273.52541284 ... 2045.43925289 2078.17975382
 3023.07984442]
[3985.70975043 4033.92830066 4273.52541284 ... 3481.8474105  3555.81281934
 3527.03060554]
[3985.70975043 4033.92830066 4273.52541284 ... 2151.25667582 2054.65994207
 2264.11320086]
[3985.70975043 4033.92830066 4273.52541284 ... 3146.73673212 3095.64343827
 3050.97841933]
[3985.70975043 4033.92830066 4273.52541284 ... 2062.50627319 1944.37011213
 1943.24514677]
[3985.70975043 4033.92830066 4273.52541284 ... 4012.6388956  4153.95329748
 3961.53670197]
[3985.70975043 4033.92830066 4273.52541284 ... 4012.6388956  4153.95329748
 3961.53670197]
[0.00000000e+00 1.37987612e+02 2.75975224e+02 ... 4.13686860e+05
 4.13824848e+05 4.13962836e+05]
