Traceback (most recent call last):
  File "/global/home/users/kalatimer/proj/20supersat/src/goama/uap50_fan_nconc_hist_figsrc.py", line 103, in <module>
    main()
  File "/global/home/users/kalatimer/proj/20supersat/src/goama/uap50_fan_nconc_hist_figsrc.py", line 27, in main
    data_date_tuples = get_data_date_tuples(netcdf_files, good_dates)
  File "/global/home/users/kalatimer/proj/20supersat/src/goama/uap50_fan_nconc_hist_figsrc.py", line 66, in get_data_date_tuples
    data_date_tuples.append((smps_filename, uhsas_filename, date))
UnboundLocalError: local variable 'uhsas_filename' referenced before assignment
[2932.64895849 3040.27931342 3147.2519835  2960.34849662 2579.14969208
 2767.91882333 2220.59459686 2090.78111605 2087.12581351 2165.04062066
 1877.22881031 2048.5488867  1879.46338027 1958.71986911 2110.80164267
 1978.83480351 1887.6761333  1830.22512434 1890.6194503  2094.98745101
 1323.66586095  929.95991257  879.90389785  964.38818194  936.89257897
 5618.44851582  750.62744818  551.03333999  412.71214859  544.37866116
  371.18014994 1036.72586714  978.21705258  971.89863113 1117.85599773
 1122.20015461 1041.25989573 1009.72687853  989.4293285  1055.028978
 1148.34840722 1411.8944477  3252.20606165 1007.61480937  763.12578379
  802.31822023  834.34575903  703.94495176  504.2003308   526.72400746
  538.35988936  701.87043423  764.3549835   771.28488472  739.31575367
  721.46304183  770.57768348  760.37413327  772.98900664  740.50528905
  770.35610431  828.41778829  811.10183426 1020.7840445  1568.59247464
 1388.03667761 1228.26381558 1250.36610546 1290.29621876 1526.36483753
 1386.96316844 1511.33523859 1625.8030212  1687.18348504 1683.38621325
 1790.77853287 1864.82781701 1909.22556141 1830.53342157 1829.19312847
 1721.24049199 2080.80030059 1875.92952118 2049.29617462 2161.62273816
 1967.56618892 2344.74105933 2451.23161204 2292.1360093  1999.27152153
 2100.84488692 2134.05054642 1886.58788949 1804.62093949 1792.29104912
 2021.44647603 1947.54581117 2047.60816153 2681.1677012  2957.64322433
 3485.2252505  3532.21988401 3346.94031236 3434.94258268 3794.49388574
 5855.51807059 6996.19936973 6444.46839134 4892.21800954 4325.15511998
 4482.08904067 4053.52822776 3794.41657711 3342.22331708 3255.13262477
 3337.23040827 3006.19637262 3009.42032959 3179.28351566 3436.9708381
 3433.38391643 2968.35761216 2538.91277781 2402.38755692 2337.8309664
 2261.13576645 2391.97673435 2504.22983151 2735.39288647]
[ 2932.64895849  3040.27931342  3147.2519835   2960.34849662
  2579.14969208  2767.91882333  2220.59459686  2090.78111605
  2087.12581351  2165.04062066  1877.22881031  2048.5488867
  1879.46338027  1958.71986911  2110.80164267  1978.83480351
  1887.6761333   1830.22512434  1890.6194503   2094.98745101
  1323.66586095   929.95991257   879.90389785   964.38818194
   936.89257897  5618.44851582   750.62744818   551.03333999
   412.71214859   544.37866116   371.18014994  1036.72586714
   978.21705258   971.89863113  1117.85599773  1122.20015461
  1041.25989573  1009.72687853   989.4293285   1055.028978
  1148.34840722  1411.8944477   3252.20606165  1007.61480937
   763.12578379   802.31822023   834.34575903   703.94495176
   504.2003308    526.72400746   538.35988936   701.87043423
   764.3549835    771.28488472   739.31575367   721.46304183
   770.57768348   760.37413327   772.98900664   740.50528905
   770.35610431   828.41778829   811.10183426  1020.7840445
  1568.59247464  1388.03667761  1228.26381558  1250.36610546
  1290.29621876  1526.36483753  1386.96316844  1511.33523859
  1625.8030212   1687.18348504  1683.38621325  1790.77853287
  1864.82781701  1909.22556141  1830.53342157  1829.19312847
  1721.24049199  2080.80030059  1875.92952118  2049.29617462
  2161.62273816  1967.56618892  2344.74105933  2451.23161204
  2292.1360093   1999.27152153  2100.84488692  2134.05054642
  1886.58788949  1804.62093949  1792.29104912  2021.44647603
  1947.54581117  2047.60816153  2681.1677012   2957.64322433
  3485.2252505   3532.21988401  3346.94031236  3434.94258268
  3794.49388574  5855.51807059  6996.19936973  6444.46839134
  4892.21800954  4325.15511998  4482.08904067  4053.52822776
  3794.41657711  3342.22331708  3255.13262477  3337.23040827
  3006.19637262  3009.42032959  3179.28351566  3436.9708381
  3433.38391643  2968.35761216  2538.91277781  2402.38755692
  2337.8309664   2261.13576645  2391.97673435  2504.22983151
  2735.39288647  3861.80292454  3898.11955947  3662.02331605
  3446.76139951  3278.81062414  3159.83561215  3241.02129453
  3073.27020041  3010.63367643  2940.44011795  2752.62333308
  2591.71010764  2627.84071426  2694.87356554  2632.48115232
  2493.13494479  2393.59096281  2383.19994646  2195.10359157
  2606.81598169  2830.575368    2776.24930376  2904.13173551
  2783.26279404  2551.80044809  2462.77812115  2630.21796137
  2608.42116532  2632.42885772  2511.91756991  2482.4928214
  2543.50898021  2675.49701081  2654.81966131  2789.5067901
  2886.1959346   2916.9789113   2682.21731533  2657.46154129
  2575.92901977  2600.40715839  2569.15173902  2486.61276255
  2570.89761684  2541.94547514  2456.65705509  2379.05607937
  2181.18652338  2126.66936638  2050.98764811  1943.72646607
  2022.4501823   2008.08470403  1988.41093978  1898.36724257
  1774.09822561  1717.42527812  1771.6015202   1778.78565905
  1740.41228135  1698.40384704  1773.80965088  1718.84017548
  1706.89688073  1705.64669933  1756.24158497  1671.82072902
  1722.00273048  1788.13986399  1858.5353812   1877.57626888
  1825.73986738  1783.19458059  1776.92014368  1834.69871336
  1756.92426832  1695.46822562  1682.87180207  1638.81459582
  1623.59045441  1668.41020202  1568.8533285   1588.36529132
  1571.14485915  1549.36346025  1461.08808018  1524.81214004
  1517.9929235   1501.59061579  1510.6441915   1546.89890263
  1527.43683517  1621.41294943  1705.22201035  2101.71016337
  1996.19157881  1998.63382521  1852.28599717  1724.6359156
  1645.62866528  1664.60176405  1762.70280375  1680.90402538
  1655.84535897  1600.42241564  1645.23342901  1549.79215248
  1314.75079141  1326.49150993  1305.53431451  1264.57915151
  1198.97381032  1261.85411151  1296.70801507  1290.70659348
  1291.95373585  1272.83698468  1287.59721698  1206.90812327
  1174.01011641  1155.88371431  1158.41513435  1172.43378935
  1140.87938419  1137.83952705  1149.67469398  1126.51044848
  1153.90219649  1153.81851066  1104.90210606  1334.63848685
  1762.9851684   1740.51103099  1728.40539074  1730.27205191
  1669.75040017  1661.50562046  1591.86286327  1591.16835605
  1611.17207133  1620.15373986  1716.05466485  1930.8741809
  2520.66120559  2415.17848141  2353.1061373   2263.07890935
  2256.20558454  2379.55306688  2541.44987074  2777.46515372
  2805.42543632  2827.12716208  3096.77600252  5175.81854433
  3829.64392525  4158.05398893  4878.5943049   5243.56237336
  7247.4831495  15188.6935074   7223.98648548 12368.60568253
 13980.48172458 10346.33862602  8741.53015248 10502.02790958
 11521.82294182 12106.70115631 13458.56434825 12604.23788029
 15605.33971925 42804.47868463 36760.0544807  28366.61368475
 34314.90473163 29211.87097916 25152.56755034 26061.56486992
 24073.85998737 22333.50884577 16538.47317851 14890.28472972
 15911.32947938 14498.30234071 14736.96130384 16427.01115647
 13073.13451926 13397.64470609 10276.13730122 13765.71424042
  3772.52757439  2984.12228455  2962.77377298  2305.7175303
  2129.02731759  1965.09763085  1656.01961801  1557.71387333
  1927.84493662  2483.51287174  2571.33597444  2600.64307818
  4279.28062164  5349.58782259  5956.48533699  6139.4604662
  5947.10367256  5066.01724434  3252.49056125  2930.57663193
  2971.60407162  3957.89854366  3589.8564435   2855.35688129
  2678.01698647  8996.10381939  1432.02236609     0.
  3803.20998443  4693.85491153  4621.04356877  6021.78387318
  3854.42628462     0.           788.75951674  3917.64954643
  3910.44858705  3871.7455538   3984.88967268  3929.07328191
  4117.78063106  4139.88888249  3916.08177034  4699.93646845
  5535.48821525  5534.48662774  5838.55260102  7817.75265117
  8027.81852763  7036.51927265  6616.74243124  6997.54294377
  6976.44565884  9064.12173024  6948.1240466   6134.05191543
  7257.39644471  7373.48593136  5752.13113844  6857.01972518
 23035.73931927  6981.5523635   7084.40001312  8497.47246354
  7958.79181267  7772.82127534  7742.11803503  7412.94014247
  7072.52095339  7304.57416406  7639.95093867  7175.01339753
  6954.10608751  7073.16376505  7592.12142865  6949.61128443
  6580.412339    5303.78642937  5782.88442856  4593.28032282
  4196.24690465  3732.94042186  3675.27557947  3241.31890625
  3405.28510387  3909.6760284   3461.77767741  3331.88508501
  3458.35882028  3077.15413211  3184.17689376  3013.64350926
  3513.71059095  3771.28525295  3446.83371585  3606.44491474
  2406.71031023]
[ 2932.64895849  3040.27931342  3147.2519835   2960.34849662
  2579.14969208  2767.91882333  2220.59459686  2090.78111605
  2087.12581351  2165.04062066  1877.22881031  2048.5488867
  1879.46338027  1958.71986911  2110.80164267  1978.83480351
  1887.6761333   1830.22512434  1890.6194503   2094.98745101
  1323.66586095   929.95991257   879.90389785   964.38818194
   936.89257897  5618.44851582   750.62744818   551.03333999
   412.71214859   544.37866116   371.18014994  1036.72586714
   978.21705258   971.89863113  1117.85599773  1122.20015461
  1041.25989573  1009.72687853   989.4293285   1055.028978
  1148.34840722  1411.8944477   3252.20606165  1007.61480937
   763.12578379   802.31822023   834.34575903   703.94495176
   504.2003308    526.72400746   538.35988936   701.87043423
   764.3549835    771.28488472   739.31575367   721.46304183
   770.57768348   760.37413327   772.98900664   740.50528905
   770.35610431   828.41778829   811.10183426  1020.7840445
  1568.59247464  1388.03667761  1228.26381558  1250.36610546
  1290.29621876  1526.36483753  1386.96316844  1511.33523859
  1625.8030212   1687.18348504  1683.38621325  1790.77853287
  1864.82781701  1909.22556141  1830.53342157  1829.19312847
  1721.24049199  2080.80030059  1875.92952118  2049.29617462
  2161.62273816  1967.56618892  2344.74105933  2451.23161204
  2292.1360093   1999.27152153  2100.84488692  2134.05054642
  1886.58788949  1804.62093949  1792.29104912  2021.44647603
  1947.54581117  2047.60816153  2681.1677012   2957.64322433
  3485.2252505   3532.21988401  3346.94031236  3434.94258268
  3794.49388574  5855.51807059  6996.19936973  6444.46839134
  4892.21800954  4325.15511998  4482.08904067  4053.52822776
  3794.41657711  3342.22331708  3255.13262477  3337.23040827
  3006.19637262  3009.42032959  3179.28351566  3436.9708381
  3433.38391643  2968.35761216  2538.91277781  2402.38755692
  2337.8309664   2261.13576645  2391.97673435  2504.22983151
  2735.39288647  3861.80292454  3898.11955947  3662.02331605
  3446.76139951  3278.81062414  3159.83561215  3241.02129453
  3073.27020041  3010.63367643  2940.44011795  2752.62333308
  2591.71010764  2627.84071426  2694.87356554  2632.48115232
  2493.13494479  2393.59096281  2383.19994646  2195.10359157
  2606.81598169  2830.575368    2776.24930376  2904.13173551
  2783.26279404  2551.80044809  2462.77812115  2630.21796137
  2608.42116532  2632.42885772  2511.91756991  2482.4928214
  2543.50898021  2675.49701081  2654.81966131  2789.5067901
  2886.1959346   2916.9789113   2682.21731533  2657.46154129
  2575.92901977  2600.40715839  2569.15173902  2486.61276255
  2570.89761684  2541.94547514  2456.65705509  2379.05607937
  2181.18652338  2126.66936638  2050.98764811  1943.72646607
  2022.4501823   2008.08470403  1988.41093978  1898.36724257
  1774.09822561  1717.42527812  1771.6015202   1778.78565905
  1740.41228135  1698.40384704  1773.80965088  1718.84017548
  1706.89688073  1705.64669933  1756.24158497  1671.82072902
  1722.00273048  1788.13986399  1858.5353812   1877.57626888
  1825.73986738  1783.19458059  1776.92014368  1834.69871336
  1756.92426832  1695.46822562  1682.87180207  1638.81459582
  1623.59045441  1668.41020202  1568.8533285   1588.36529132
  1571.14485915  1549.36346025  1461.08808018  1524.81214004
  1517.9929235   1501.59061579  1510.6441915   1546.89890263
  1527.43683517  1621.41294943  1705.22201035  2101.71016337
  1996.19157881  1998.63382521  1852.28599717  1724.6359156
  1645.62866528  1664.60176405  1762.70280375  1680.90402538
  1655.84535897  1600.42241564  1645.23342901  1549.79215248
  1314.75079141  1326.49150993  1305.53431451  1264.57915151
  1198.97381032  1261.85411151  1296.70801507  1290.70659348
  1291.95373585  1272.83698468  1287.59721698  1206.90812327
  1174.01011641  1155.88371431  1158.41513435  1172.43378935
  1140.87938419  1137.83952705  1149.67469398  1126.51044848
  1153.90219649  1153.81851066  1104.90210606  1334.63848685
  1762.9851684   1740.51103099  1728.40539074  1730.27205191
  1669.75040017  1661.50562046  1591.86286327  1591.16835605
  1611.17207133  1620.15373986  1716.05466485  1930.8741809
  2520.66120559  2415.17848141  2353.1061373   2263.07890935
  2256.20558454  2379.55306688  2541.44987074  2777.46515372
  2805.42543632  2827.12716208  3096.77600252  5175.81854433
  3829.64392525  4158.05398893  4878.5943049   5243.56237336
  7247.4831495  15188.6935074   7223.98648548 12368.60568253
 13980.48172458 10346.33862602  8741.53015248 10502.02790958
 11521.82294182 12106.70115631 13458.56434825 12604.23788029
 15605.33971925 42804.47868463 36760.0544807  28366.61368475
 34314.90473163 29211.87097916 25152.56755034 26061.56486992
 24073.85998737 22333.50884577 16538.47317851 14890.28472972
 15911.32947938 14498.30234071 14736.96130384 16427.01115647
 13073.13451926 13397.64470609 10276.13730122 13765.71424042
  3772.52757439  2984.12228455  2962.77377298  2305.7175303
  2129.02731759  1965.09763085  1656.01961801  1557.71387333
  1927.84493662  2483.51287174  2571.33597444  2600.64307818
  4279.28062164  5349.58782259  5956.48533699  6139.4604662
  5947.10367256  5066.01724434  3252.49056125  2930.57663193
  2971.60407162  3957.89854366  3589.8564435   2855.35688129
  2678.01698647  8996.10381939  1432.02236609     0.
  3803.20998443  4693.85491153  4621.04356877  6021.78387318
  3854.42628462     0.           788.75951674  3917.64954643
  3910.44858705  3871.7455538   3984.88967268  3929.07328191
  4117.78063106  4139.88888249  3916.08177034  4699.93646845
  5535.48821525  5534.48662774  5838.55260102  7817.75265117
  8027.81852763  7036.51927265  6616.74243124  6997.54294377
  6976.44565884  9064.12173024  6948.1240466   6134.05191543
  7257.39644471  7373.48593136  5752.13113844  6857.01972518
 23035.73931927  6981.5523635   7084.40001312  8497.47246354
  7958.79181267  7772.82127534  7742.11803503  7412.94014247
  7072.52095339  7304.57416406  7639.95093867  7175.01339753
  6954.10608751  7073.16376505  7592.12142865  6949.61128443
  6580.412339    5303.78642937  5782.88442856  4593.28032282
  4196.24690465  3732.94042186  3675.27557947  3241.31890625
  3405.28510387  3909.6760284   3461.77767741  3331.88508501
  3458.35882028  3077.15413211  3184.17689376  3013.64350926
  3513.71059095  3771.28525295  3446.83371585  3606.44491474
  2406.71031023  2565.06279936  2974.62086745  2145.55520774
  2340.92162152  2182.53413016  2665.30527815  2782.84616439
  2781.86160952  2881.40968272  2608.73980526  2716.88550144
  2794.23071193  2359.72129836  1996.77551801  1331.91781003
  1244.94732892  1339.3475541    835.90293362   945.6531691
   669.32185038   884.67497616  1051.78120302  1202.75719551
  1118.50879457  1113.04180819   846.90378267   686.94630212
   670.47152991   773.04248165   765.32995407   598.47526816
   556.34332922   392.35230642   339.94883374   278.06401064
   266.58522223   236.95712428   222.59447763   237.47876411
   227.12213801   207.17995436   212.83443099   212.63650201
   213.63400065   232.02010076   236.37969355   215.81964159
   221.22371486   250.03012876   243.58495558   214.19297549
   200.00902031   200.68610518   192.35863024   188.51070668
   175.26608455   183.53934604   207.16753657   182.76305398
   197.09152619   183.92913275   184.85427715   169.83318039
   178.3315802    163.4603655    186.32137009   186.91591759
   175.9736725    180.44448062   181.11595034   172.12173217
   201.74429286   181.35291589   168.53567494   172.45180779
   175.17239072   163.46812635   178.18652455   185.17677789
   232.78215527   181.4855698    172.48744952   183.46936864
   181.88412007   164.33563781   172.4917363    170.99092792
   179.33773582   208.97353709   215.93626839   172.55799869
   178.67738911   190.5447635    316.67622036   406.43427545
   439.36190397   484.36595797   446.57171697   452.95286217
   545.3030311    718.45500359   778.2358351    609.41124086
   589.67954747   505.22831209   442.91447664   429.40272608
   318.67700206   348.59360852   372.15535464   392.23409394
   440.90233658   416.19974912   428.51769813   460.76249054
   490.53195543   517.63663221   621.83405188   714.94233866
   836.81097562   823.20583575   897.95076551   863.0174763
   885.12853697   819.69045437   698.66100524   719.6264558
   721.41269718   718.67378137   721.74602386   719.54904873
   731.09969973   683.96554543   692.48819151   681.65140138
   837.14410242   860.87387672   644.93703209  1040.7285398
   464.47458463   565.47271236   448.8994834    469.81800765
   445.55025201   485.85717577   442.94713594   445.69180983
   417.75074415   465.03119929   498.12532797   548.28959601
   988.04463513   521.08083771   499.79440512   496.64019631
   512.24835684   515.05578422   577.6251299    614.94246702
   686.89134566   785.53312328   769.33019071   778.74541512
  1024.53726159  1154.44134282  1082.13652556  1222.15809061
  1166.4580407   1211.83882707  1334.32131053  1373.34928151
  1365.32314562  1481.41498922  1511.78590925  1587.47838158
  1616.06417315  1687.31040399  1831.15690124  1962.1828892
  2064.86906452  1744.05246514  1833.45140222  2033.53921417
     0.             0.          3224.02175659  3587.47660014
  3697.12111781  3660.21753814  3689.00628729  3974.79734553
  4334.37766575  4304.77613756  4093.31816896  3282.75262652
  4240.4807002   4079.90703668  4329.9181512   4309.71093142
  4383.55510866  4386.08290046  4392.38259617  4261.92255189
  6614.49300165 11052.31557087  3780.75215939  3620.82893769
  3257.39928125  3593.80037427  3305.0322338   3254.62350607
  3131.35187151  3000.72594982  3174.28299642  3300.96383655
  3437.70661069  3259.81903489  3487.09081867  3202.10019015
  3467.10025226  3279.49397276  3209.55117295  2809.8359681
  2844.78005802  2615.31661102  2549.26336187  2227.59611791
  2190.22485447  2045.00569235  2201.66794562  2160.1782093
  2345.87394921  2539.53207621  2308.97423854  2685.01994236
  3121.94344143  4177.52712418  5510.96529222  5822.65975752
  5036.05576124  5293.75228465  5933.00435172  5687.7142025
  5477.74426813  5033.07517826  5010.41257178  5220.92804786
  5442.26278413  5454.20924176  5340.24145844  5181.25505998
  5078.88616173  4868.17430226  5186.09339793  4883.73318851
  4453.56211413  4350.76587442  4309.58953106  4247.21226514
  3973.37133201  3699.28589926  3739.61540865  3892.42413321
  3815.3954635   3749.32851424  3620.7462484   3404.28517593
  3672.22315359  3685.48359696  3729.19892095  3699.21345285
  3673.00088952  3594.66239243     0.             0.
  3488.83937381  3705.27540138  3503.16261899  3436.10250001
  3430.3745403   4035.49678086 11635.23162118  5937.84954607
  4047.96535325  4440.23082229  3674.20738325  3728.11293004
  3149.60466708]No handles with labels found to put in legend.

[ 2932.64895849  3040.27931342  3147.2519835   2960.34849662
  2579.14969208  2767.91882333  2220.59459686  2090.78111605
  2087.12581351  2165.04062066  1877.22881031  2048.5488867
  1879.46338027  1958.71986911  2110.80164267  1978.83480351
  1887.6761333   1830.22512434  1890.6194503   2094.98745101
  1323.66586095   929.95991257   879.90389785   964.38818194
   936.89257897  5618.44851582   750.62744818   551.03333999
   412.71214859   544.37866116   371.18014994  1036.72586714
   978.21705258   971.89863113  1117.85599773  1122.20015461
  1041.25989573  1009.72687853   989.4293285   1055.028978
  1148.34840722  1411.8944477   3252.20606165  1007.61480937
   763.12578379   802.31822023   834.34575903   703.94495176
   504.2003308    526.72400746   538.35988936   701.87043423
   764.3549835    771.28488472   739.31575367   721.46304183
   770.57768348   760.37413327   772.98900664   740.50528905
   770.35610431   828.41778829   811.10183426  1020.7840445
  1568.59247464  1388.03667761  1228.26381558  1250.36610546
  1290.29621876  1526.36483753  1386.96316844  1511.33523859
  1625.8030212   1687.18348504  1683.38621325  1790.77853287
  1864.82781701  1909.22556141  1830.53342157  1829.19312847
  1721.24049199  2080.80030059  1875.92952118  2049.29617462
  2161.62273816  1967.56618892  2344.74105933  2451.23161204
  2292.1360093   1999.27152153  2100.84488692  2134.05054642
  1886.58788949  1804.62093949  1792.29104912  2021.44647603
  1947.54581117  2047.60816153  2681.1677012   2957.64322433
  3485.2252505   3532.21988401  3346.94031236  3434.94258268
  3794.49388574  5855.51807059  6996.19936973  6444.46839134
  4892.21800954  4325.15511998  4482.08904067  4053.52822776
  3794.41657711  3342.22331708  3255.13262477  3337.23040827
  3006.19637262  3009.42032959  3179.28351566  3436.9708381
  3433.38391643  2968.35761216  2538.91277781  2402.38755692
  2337.8309664   2261.13576645  2391.97673435  2504.22983151
  2735.39288647  3861.80292454  3898.11955947  3662.02331605
  3446.76139951  3278.81062414  3159.83561215  3241.02129453
  3073.27020041  3010.63367643  2940.44011795  2752.62333308
  2591.71010764  2627.84071426  2694.87356554  2632.48115232
  2493.13494479  2393.59096281  2383.19994646  2195.10359157
  2606.81598169  2830.575368    2776.24930376  2904.13173551
  2783.26279404  2551.80044809  2462.77812115  2630.21796137
  2608.42116532  2632.42885772  2511.91756991  2482.4928214
  2543.50898021  2675.49701081  2654.81966131  2789.5067901
  2886.1959346   2916.9789113   2682.21731533  2657.46154129
  2575.92901977  2600.40715839  2569.15173902  2486.61276255
  2570.89761684  2541.94547514  2456.65705509  2379.05607937
  2181.18652338  2126.66936638  2050.98764811  1943.72646607
  2022.4501823   2008.08470403  1988.41093978  1898.36724257
  1774.09822561  1717.42527812  1771.6015202   1778.78565905
  1740.41228135  1698.40384704  1773.80965088  1718.84017548
  1706.89688073  1705.64669933  1756.24158497  1671.82072902
  1722.00273048  1788.13986399  1858.5353812   1877.57626888
  1825.73986738  1783.19458059  1776.92014368  1834.69871336
  1756.92426832  1695.46822562  1682.87180207  1638.81459582
  1623.59045441  1668.41020202  1568.8533285   1588.36529132
  1571.14485915  1549.36346025  1461.08808018  1524.81214004
  1517.9929235   1501.59061579  1510.6441915   1546.89890263
  1527.43683517  1621.41294943  1705.22201035  2101.71016337
  1996.19157881  1998.63382521  1852.28599717  1724.6359156
  1645.62866528  1664.60176405  1762.70280375  1680.90402538
  1655.84535897  1600.42241564  1645.23342901  1549.79215248
  1314.75079141  1326.49150993  1305.53431451  1264.57915151
  1198.97381032  1261.85411151  1296.70801507  1290.70659348
  1291.95373585  1272.83698468  1287.59721698  1206.90812327
  1174.01011641  1155.88371431  1158.41513435  1172.43378935
  1140.87938419  1137.83952705  1149.67469398  1126.51044848
  1153.90219649  1153.81851066  1104.90210606  1334.63848685
  1762.9851684   1740.51103099  1728.40539074  1730.27205191
  1669.75040017  1661.50562046  1591.86286327  1591.16835605
  1611.17207133  1620.15373986  1716.05466485  1930.8741809
  2520.66120559  2415.17848141  2353.1061373   2263.07890935
  2256.20558454  2379.55306688  2541.44987074  2777.46515372
  2805.42543632  2827.12716208  3096.77600252  5175.81854433
  3829.64392525  4158.05398893  4878.5943049   5243.56237336
  7247.4831495  15188.6935074   7223.98648548 12368.60568253
 13980.48172458 10346.33862602  8741.53015248 10502.02790958
 11521.82294182 12106.70115631 13458.56434825 12604.23788029
 15605.33971925 42804.47868463 36760.0544807  28366.61368475
 34314.90473163 29211.87097916 25152.56755034 26061.56486992
 24073.85998737 22333.50884577 16538.47317851 14890.28472972
 15911.32947938 14498.30234071 14736.96130384 16427.01115647
 13073.13451926 13397.64470609 10276.13730122 13765.71424042
  3772.52757439  2984.12228455  2962.77377298  2305.7175303
  2129.02731759  1965.09763085  1656.01961801  1557.71387333
  1927.84493662  2483.51287174  2571.33597444  2600.64307818
  4279.28062164  5349.58782259  5956.48533699  6139.4604662
  5947.10367256  5066.01724434  3252.49056125  2930.57663193
  2971.60407162  3957.89854366  3589.8564435   2855.35688129
  2678.01698647  8996.10381939  1432.02236609     0.
  3803.20998443  4693.85491153  4621.04356877  6021.78387318
  3854.42628462     0.           788.75951674  3917.64954643
  3910.44858705  3871.7455538   3984.88967268  3929.07328191
  4117.78063106  4139.88888249  3916.08177034  4699.93646845
  5535.48821525  5534.48662774  5838.55260102  7817.75265117
  8027.81852763  7036.51927265  6616.74243124  6997.54294377
  6976.44565884  9064.12173024  6948.1240466   6134.05191543
  7257.39644471  7373.48593136  5752.13113844  6857.01972518
 23035.73931927  6981.5523635   7084.40001312  8497.47246354
  7958.79181267  7772.82127534  7742.11803503  7412.94014247
  7072.52095339  7304.57416406  7639.95093867  7175.01339753
  6954.10608751  7073.16376505  7592.12142865  6949.61128443
  6580.412339    5303.78642937  5782.88442856  4593.28032282
  4196.24690465  3732.94042186  3675.27557947  3241.31890625
  3405.28510387  3909.6760284   3461.77767741  3331.88508501
  3458.35882028  3077.15413211  3184.17689376  3013.64350926
  3513.71059095  3771.28525295  3446.83371585  3606.44491474
  2406.71031023  2565.06279936  2974.62086745  2145.55520774
  2340.92162152  2182.53413016  2665.30527815  2782.84616439
  2781.86160952  2881.40968272  2608.73980526  2716.88550144
  2794.23071193  2359.72129836  1996.77551801  1331.91781003
  1244.94732892  1339.3475541    835.90293362   945.6531691
   669.32185038   884.67497616  1051.78120302  1202.75719551
  1118.50879457  1113.04180819   846.90378267   686.94630212
   670.47152991   773.04248165   765.32995407   598.47526816
   556.34332922   392.35230642   339.94883374   278.06401064
   266.58522223   236.95712428   222.59447763   237.47876411
   227.12213801   207.17995436   212.83443099   212.63650201
   213.63400065   232.02010076   236.37969355   215.81964159
   221.22371486   250.03012876   243.58495558   214.19297549
   200.00902031   200.68610518   192.35863024   188.51070668
   175.26608455   183.53934604   207.16753657   182.76305398
   197.09152619   183.92913275   184.85427715   169.83318039
   178.3315802    163.4603655    186.32137009   186.91591759
   175.9736725    180.44448062   181.11595034   172.12173217
   201.74429286   181.35291589   168.53567494   172.45180779
   175.17239072   163.46812635   178.18652455   185.17677789
   232.78215527   181.4855698    172.48744952   183.46936864
   181.88412007   164.33563781   172.4917363    170.99092792
   179.33773582   208.97353709   215.93626839   172.55799869
   178.67738911   190.5447635    316.67622036   406.43427545
   439.36190397   484.36595797   446.57171697   452.95286217
   545.3030311    718.45500359   778.2358351    609.41124086
   589.67954747   505.22831209   442.91447664   429.40272608
   318.67700206   348.59360852   372.15535464   392.23409394
   440.90233658   416.19974912   428.51769813   460.76249054
   490.53195543   517.63663221   621.83405188   714.94233866
   836.81097562   823.20583575   897.95076551   863.0174763
   885.12853697   819.69045437   698.66100524   719.6264558
   721.41269718   718.67378137   721.74602386   719.54904873
   731.09969973   683.96554543   692.48819151   681.65140138
   837.14410242   860.87387672   644.93703209  1040.7285398
   464.47458463   565.47271236   448.8994834    469.81800765
   445.55025201   485.85717577   442.94713594   445.69180983
   417.75074415   465.03119929   498.12532797   548.28959601
   988.04463513   521.08083771   499.79440512   496.64019631
   512.24835684   515.05578422   577.6251299    614.94246702
   686.89134566   785.53312328   769.33019071   778.74541512
  1024.53726159  1154.44134282  1082.13652556  1222.15809061
  1166.4580407   1211.83882707  1334.32131053  1373.34928151
  1365.32314562  1481.41498922  1511.78590925  1587.47838158
  1616.06417315  1687.31040399  1831.15690124  1962.1828892
  2064.86906452  1744.05246514  1833.45140222  2033.53921417
     0.             0.          3224.02175659  3587.47660014
  3697.12111781  3660.21753814  3689.00628729  3974.79734553
  4334.37766575  4304.77613756  4093.31816896  3282.75262652
  4240.4807002   4079.90703668  4329.9181512   4309.71093142
  4383.55510866  4386.08290046  4392.38259617  4261.92255189
  6614.49300165 11052.31557087  3780.75215939  3620.82893769
  3257.39928125  3593.80037427  3305.0322338   3254.62350607
  3131.35187151  3000.72594982  3174.28299642  3300.96383655
  3437.70661069  3259.81903489  3487.09081867  3202.10019015
  3467.10025226  3279.49397276  3209.55117295  2809.8359681
  2844.78005802  2615.31661102  2549.26336187  2227.59611791
  2190.22485447  2045.00569235  2201.66794562  2160.1782093
  2345.87394921  2539.53207621  2308.97423854  2685.01994236
  3121.94344143  4177.52712418  5510.96529222  5822.65975752
  5036.05576124  5293.75228465  5933.00435172  5687.7142025
  5477.74426813  5033.07517826  5010.41257178  5220.92804786
  5442.26278413  5454.20924176  5340.24145844  5181.25505998
  5078.88616173  4868.17430226  5186.09339793  4883.73318851
  4453.56211413  4350.76587442  4309.58953106  4247.21226514
  3973.37133201  3699.28589926  3739.61540865  3892.42413321
  3815.3954635   3749.32851424  3620.7462484   3404.28517593
  3672.22315359  3685.48359696  3729.19892095  3699.21345285
  3673.00088952  3594.66239243     0.             0.
  3488.83937381  3705.27540138  3503.16261899  3436.10250001
  3430.3745403   4035.49678086 11635.23162118  5937.84954607
  4047.96535325  4440.23082229  3674.20738325  3728.11293004
  3149.60466708  3300.97383079  3581.76855916  5365.43263979
  4424.35370451  3643.3995651   3860.84686121  3918.4141654
  4669.83911735  3980.4283118   3558.68952141  3603.52632205
  4321.84110327  4147.5112065   3642.26486629  3320.37967731
  3392.22607362  3257.66146515  3243.87803356  3034.55993776
  2848.58610524  3268.58697552  3459.56500907  9501.05310477
  7023.96203972  5430.34656538  4231.29885003  4390.05942156
  1649.84961794  1627.90154665  1635.31016369  1629.05488024
  2330.22157707  1961.10530817  1702.51219555  1695.2217848
  1616.76738063  1108.18250492  1139.73976067  1219.73571247
  1208.58693011  1247.47518322  1173.90925638  1241.18491758
  1147.31534781  1042.73120484  1059.30098343  1138.53214961
  1015.37486718  1034.95754363  1073.56070183  1209.23355638
  1277.53905579  1285.53334456  1266.41509302  1373.62787683
  1271.90360131  1284.61956687  1221.85412181  1143.08109555
  1146.15743961  1038.67052425  1028.98688697  1054.72461414
   967.10940716  1063.00687533   975.20365399   800.45852961
   771.5317132    693.28605065   610.03167476   890.45047751
   565.30240882   630.55317332   644.40180548   618.68722553
   672.44816002   656.5312586    716.35108424   641.4485251
   601.75631002   579.3373525    638.67265836   543.18084411
   576.09351371   636.40501054   589.21974523   553.46764971
   572.78908772   669.17857659   544.06298996   522.01115824
   623.47751294   577.39341458   576.0475851    534.05347765
   536.75596546   543.96632157   581.35313575   586.53344872
   589.29226784   576.9660073    570.93624722   541.36624324
   576.49489096   609.94259791   601.32014112   602.92824221
  1105.28241505  1158.10247819  1082.35317704   779.45893552
   601.46295366   600.05496843   645.9872083    604.63933304
   622.98039634   759.9900384   1006.83008322  1052.37718501
  1025.38459385  1026.44471038   942.82320549   983.83241735
  1151.43789551  1156.45980238  1180.5316305   1065.76141389
  1039.20462657  1010.48351347  1007.41520675  1692.02895539
   907.39207898  1195.34320721  2570.60011443  1689.7950887
  1892.15161656  3385.53931331  3242.73114629  3775.53418063
  3387.74002215  3045.69888502  2627.587673    1417.89360946
  2010.85654173  2287.68749007  3407.44497145  2639.79412669
  1650.12108259  1416.94561475  1275.95678733  1028.39297314
   996.15121634   925.06818625   652.61540655   534.07637265
   441.27894524   473.20159933   387.43557247   396.4730055
   397.78778371   325.23365181   314.62660648   311.819353
   313.70168757   306.92700949   280.79824615   286.38035429
   265.06437093   229.2880055    224.865738     179.61621584
   163.16108322   182.04427443   187.70989198   193.0521819
   169.77978325   164.51060398   166.0638541    176.01463422
   239.42597533   202.77130283   190.45438408   170.87153657
   153.53021949   162.11416968   152.95529448   164.64296092
   336.20864072   215.11259764   241.45696082   243.56410639
   232.24586361   278.64876269   272.74226294   247.69363858
   214.63766677   238.35049244   241.77920318   229.53170978
   211.75159468   192.29239899   169.88788548   170.34620998
   194.05349752   194.25781127   208.41378538   249.21945592
   518.37179609  1118.23172086   687.35410034  1112.37145825
  3517.81639083  1227.82909239  1860.90974008   621.15025717
   208.02727662   223.06753252   155.36624579   169.49945584
   178.38860126   192.43682254   184.79108698   167.08745266
   307.64537683   353.80416495   237.57236355   259.3801921
   269.4558       187.98105913   174.56561323   193.35116677
   193.94313031   172.32939676   171.15710564   154.30034696
   161.54054747   150.56966434   217.26730965   233.49759447
   247.98386843   239.8277571    189.55604159   149.82153588
   155.62038917   133.40298907   127.46026334   125.1753981
   168.8345929    207.26895172   220.09483666   340.5273848
   450.35314495   658.29355573   322.5490463    462.61498851
   458.10331006   268.2229496    348.10881862   381.99752792
   515.51485789   187.6263405    182.47334427   158.29392557
   156.09966035   166.50106553   188.75134232   200.60653153
   187.60892695   189.73781913   181.86338104   215.4555835
   221.28228333   236.63762784   207.4132338    210.69840081
   185.97537472   196.16842343   189.55231216   209.19703844
   180.0649564    183.00245478   194.31826019   270.83607518
   242.35815462   226.06372803   246.98581318   506.6858198
   341.70596493]
[2932.64895849 3040.27931342 3147.2519835  ...  750.78513055  833.47036239
  734.08246775]
[2932.64895849 3040.27931342 3147.2519835  ...  834.30260986  847.88571425
  820.55633673]
[2932.64895849 3040.27931342 3147.2519835  ...  709.83476691  750.78833654
  773.49219078]
[2932.64895849 3040.27931342 3147.2519835  ... 2827.63549217 2587.8723807
 2491.94502057]
[2932.64895849 3040.27931342 3147.2519835  ... 2308.5653325   951.42994299
  919.20512498]
[2932.64895849 3040.27931342 3147.2519835  ... 1405.06176628 1378.00629008
 1372.07124248]
[2932.64895849 3040.27931342 3147.2519835  ...  376.10986436  358.72209162
  343.02794318]
[2932.64895849 3040.27931342 3147.2519835  ...    0.         2274.480084
    0.        ]
[2932.64895849 3040.27931342 3147.2519835  ... 1246.52652039 1121.14316235
 1660.61325047]
[2932.64895849 3040.27931342 3147.2519835  ... 2136.12457913 2281.70184195
 2269.87081018]
[2932.64895849 3040.27931342 3147.2519835  ...  856.48763594  836.36254397
 1014.22713463]
[2932.64895849 3040.27931342 3147.2519835  ... 2073.46590004 2038.88181592
 2003.61018949]
[2932.64895849 3040.27931342 3147.2519835  ... 1292.11960977 1188.95124025
 1216.16462928]
[2932.64895849 3040.27931342 3147.2519835  ... 2723.84420422 2849.365029
 2657.71580716]
[2932.64895849 3040.27931342 3147.2519835  ... 2723.84420422 2849.365029
 2657.71580716]
[0.00000000e+00 9.51980611e+01 1.90396122e+02 ... 2.85403787e+05
 2.85498985e+05 2.85594183e+05]
