halo
606.07 4490.85
[282.80166667 323.73166667 129.49266667 129.49266667 129.49266667
 129.49266667 129.49266667 129.49266667 129.49266667 129.49266667
 129.49266667 388.478      194.239      194.239      258.98533333
 194.239      194.239      258.98533333 194.239      191.389     ]
[0.02569619 0.04248189 0.01766256 0.00815151 0.02278065 0.01582738
 0.01351547 0.01566525 0.01612704 0.01097904 0.01004844 0.00861946
 0.0146147  0.01759495 0.02059546 0.01518418 0.05136892 0.0061155
 0.00793119 0.01058562]
[295.47727273 291.292      292.5        291.2275     290.545
 290.82166667 289.31111111 289.20206349 288.605      288.17928571
 287.10428571 286.515      283.313      281.19714286 279.99470588
 279.1325     278.99       276.42       275.37555556 273.53333333]
2.432242453527822
caipeex
647.0 5147.0
[150. 150. 150. 150. 150. 150. 150. 150. 150. 150. 150. 150. 225. 225.
 150. 150. 150. 150. 150. 150. 150. 150. 150. 150.  91.]
[0.02721375 0.05469432 0.02355212 0.02866256 0.03826952 0.05877227
 0.02929913 0.02940132 0.03321288 0.02295301 0.02935382 0.03844582
 0.02827459 0.03484377 0.03814101 0.03873556 0.07647462 0.03179657
 0.03127513 0.03795008 0.02470797 0.06008795 0.03787854 0.05286497
 0.02559932 0.08088281 0.03529792 0.03990768 0.03233176]
[296.52222222 295.67285714 294.31769231 293.73666667 293.24880952
 291.41060606 292.03977273 291.78903226 290.5344     288.59
 288.10692308 288.23375    286.28388889 284.63095238 284.1474359
 282.54396226 281.13333333 281.22295775 280.28       279.5304
 278.80512195 279.1792     277.08033333 276.85105263 274.8616
 273.76285714 274.15136364 273.94916667 273.74333333]
4.910239466027734
unpolluted
54.185863 5964.997
[ 39.17462158  45.51208496  47.90771484  50.4588623   48.41265869
  46.23156738  48.68579102  53.5546875   53.89733887  51.7331543
  54.28405762  56.9621582   57.24145508  59.88928223  62.66357422
  60.61743164  58.46508789  61.1973877   64.04553223  66.87353516
  67.35583496  65.23120117  70.6373291   76.27868652  81.91894531
  90.38061523 186.79321289 389.45507812 532.95947266 590.05859375
 602.12304688]
[       nan        nan        nan        nan        nan        nan
        nan 0.104598   0.09346815 0.11406927 0.13430685 0.13575916
 0.1428506  0.14339718 0.14436177 0.14249587 0.1371559  0.12468031
 0.11164848 0.09168683 0.07531294 0.0675966  0.06618979 0.06767674
 0.06634242 0.06613049 0.06771363 0.06916305 0.07075224 0.0758862
 0.08260681 0.09141625 0.10240495 0.12013933 0.13889673 0.16885719
 0.19395768 0.22919252 0.27230208 0.32538478 0.39844882 0.44883693
 0.50403981 0.55620086 0.5820438  0.5923188  0.65237624 0.37975465]
[294.6473388671875 294.6131286621094 294.7040100097656 ...
 274.455810546875 274.4488830566406 274.287841796875]
49.86642837209937
polluted
54.181225 5964.621
[ 38.92608643  45.50274658  47.89770508  50.44909668  48.40484619
  46.2243042   48.67773438  53.54772949  53.88916016  51.72558594
  54.27746582  56.95532227  57.23608398  59.88330078  62.65783691
  60.61254883  58.45935059  61.18994141  64.03588867  66.86621094
  67.34924316  65.22277832  70.62658691  76.26513672  81.90368652
  90.36523438 186.77001953 389.4206543  532.92456055 590.03369141
 602.69946289]
[       nan        nan        nan        nan 0.07966087 0.07295429
 0.07667117 0.06721516 0.07418375 0.08491283 0.08189824 0.08821502
 0.09293972 0.09495266 0.09670885 0.09588253 0.09378572 0.09088889
 0.08620493 0.07664753 0.06831825 0.06370976 0.06273684 0.06348925
 0.06202765 0.06189776 0.06271873 0.06331019 0.0632347  0.06648171
 0.06882323 0.07232606 0.07560507 0.08453379 0.08712989 0.1033012
 0.09930032 0.11667205 0.12296996 0.13747424 0.15883494 0.13596211
 0.22066499 0.23759789 0.30140669 0.3478987  0.38346196 0.8528774 ]
[294.3983154296875 294.46051025390625 294.57293701171875 ...
 273.2080993652344 273.333740234375 273.0007019042969]
25.3303269202295
