/global/home/users/kalatimer/miniconda3/envs/supersatenv/lib/python3.7/site-packages/matplotlib/text.py:1150: FutureWarning: elementwise comparison failed; returning scalar instead, but in the future will perform elementwise comparison
  if s != self._text:
[[-2.11332257e-09 -1.66949031e-02 -3.48720051e-02 -1.03344273e-02
   2.44059893e-02  7.96686334e-02  3.19419974e-01]
 [-5.81770726e-03 -3.16391191e-03  5.20157729e-02  3.31958669e-01
   4.95915200e-01  6.07703975e-01  6.89392927e-01]
 [-8.39307249e-03  9.77289865e-04  2.78495802e-01  6.10334494e-01
   7.67220169e-01  7.86494131e-01  7.79307935e-01]
 [ 5.01779734e-01  5.13688885e-01  6.08920687e-01  7.25473003e-01
   7.92741402e-01  7.99872207e-01  7.84918951e-01]
 [ 8.36604950e-01  8.22932081e-01  8.20803084e-01  8.19933311e-01
   8.14334934e-01  8.02716356e-01  7.85582301e-01]
 [ 8.91427652e-01  8.93502209e-01  8.92854959e-01  8.86127140e-01
   8.72814265e-01  8.53515007e-01  8.29629737e-01]
 [ 7.58162774e-01  7.49512301e-01  7.51755565e-01  7.66726165e-01
   7.81023930e-01  7.95125204e-01  7.99442934e-01]
 [            nan             nan             nan             nan
              nan             nan             nan]
 [            nan             nan             nan             nan
              nan             nan             nan]]
[[1.15924020e-08 8.21284100e-02 8.13004498e-02 4.82827382e-03
  1.26433759e-02 6.93402040e-02 3.39706602e-01]
 [8.03583432e-03 3.74317892e-03 1.55013536e-02 2.95774890e-01
  5.15678830e-01 6.66444927e-01 7.86399778e-01]
 [1.73927129e-03 5.80747411e-05 1.81141009e-01 6.11176681e-01
  8.53079097e-01 8.97703784e-01 9.07287233e-01]
 [3.35263849e-01 4.40095545e-01 5.96911425e-01 7.79422023e-01
  8.92452142e-01 9.19664381e-01 9.16922534e-01]
 [8.48868038e-01 8.84977870e-01 9.05472209e-01 9.17948242e-01
  9.23132191e-01 9.22988039e-01 9.17104921e-01]
 [9.25784320e-01 9.28132816e-01 9.28665109e-01 9.26951865e-01
  9.23107319e-01 9.17747741e-01 9.11480568e-01]
 [7.83729269e-01 7.56271251e-01 7.29598522e-01 7.31785172e-01
  7.31307201e-01 7.20588005e-01 6.76923173e-01]
 [0.00000000e+00 0.00000000e+00 0.00000000e+00 0.00000000e+00
  0.00000000e+00 0.00000000e+00 0.00000000e+00]
 [           nan            nan            nan            nan
             nan            nan            nan]]
[[-9.09267434e-09 -2.25691821e-03  6.39194222e-02  1.38692257e-01
   2.40711291e-01  2.91575808e-01  3.40379077e-01]
 [-2.11257759e-03  4.47343014e-03  5.82280230e-01  6.38994491e-01
   6.17026994e-01  6.14520917e-01  6.18491053e-01]
 [ 6.88920734e-03  5.59215028e-03  7.35182813e-01  7.43438354e-01
   7.10215049e-01  6.85953218e-01  6.68462011e-01]
 [ 7.70550693e-01  7.61823023e-01  7.57438384e-01  7.36142691e-01
   7.06691475e-01  6.84163039e-01  6.67659373e-01]
 [ 8.36150486e-01  8.11031810e-01  7.67329198e-01  7.24813146e-01
   6.91777072e-01  6.70019328e-01  6.54371620e-01]
 [ 8.29099738e-01  8.25989127e-01  8.10502295e-01  7.80977303e-01
   7.46247442e-01  7.13719363e-01  6.84064521e-01]
 [ 7.73003713e-01  7.67812180e-01  7.72393881e-01  7.85868635e-01
   7.99333717e-01  8.07828898e-01  8.05120515e-01]
 [            nan             nan             nan             nan
              nan             nan             nan]
 [            nan             nan             nan             nan
              nan             nan             nan]]
[[1.92942989e-08 7.31569142e-04 3.97683201e-02 1.27249368e-01
  2.70501410e-01 3.58532163e-01 4.44128876e-01]
 [5.17014611e-04 2.97577856e-03 5.97937689e-01 7.43748152e-01
  7.73675721e-01 8.11588844e-01 8.47564003e-01]
 [3.90608491e-03 4.81104750e-03 7.97653213e-01 8.96220458e-01
  9.14242524e-01 9.23131844e-01 9.28378998e-01]
 [7.08286543e-01 7.91770440e-01 8.65430927e-01 9.10090543e-01
  9.24636160e-01 9.31472920e-01 9.35058920e-01]
 [8.80044028e-01 9.00920985e-01 9.14027204e-01 9.22764531e-01
  9.28725335e-01 9.34651394e-01 9.38101829e-01]
 [9.19764548e-01 9.19902500e-01 9.24400028e-01 9.31913748e-01
  9.38653592e-01 9.41630037e-01 9.41919173e-01]
 [8.31870317e-01 8.17372391e-01 8.12928256e-01 8.34100413e-01
  8.50396517e-01 8.54076662e-01 8.30882741e-01]
 [0.00000000e+00 0.00000000e+00 0.00000000e+00 0.00000000e+00
  0.00000000e+00 0.00000000e+00 0.00000000e+00]
 [           nan            nan            nan            nan
             nan            nan            nan]]
[[1.99999999 1.96957181 1.92698227 1.87474988 1.74222396 1.62064287
  1.28190055]
 [1.99971449 1.99599497 1.48460621 1.0668656  0.82858885 0.67025969
  0.55757297]
 [1.99796226 1.9942864  1.14112695 0.61613055 0.40878095 0.40072854
  0.41514775]
 [0.90985785 0.80627497 0.62639317 0.44913707 0.38240328 0.38852785
  0.40966982]
 [0.30128875 0.30018122 0.32027186 0.34763433 0.37478211 0.39750391
  0.41968667]
 [0.23008813 0.23065573 0.24123321 0.26628882 0.30040379 0.33702662
  0.37423298]
 [0.43017808 0.45761536 0.47068317 0.44691251 0.42754473 0.42221807
  0.45954372]
 [       nan        nan        nan        nan        nan        nan
         nan]
 [       nan        nan        nan        nan        nan        nan
         nan]]
[[9.11637488e-01 7.38172713e-01 4.37901193e-01 2.23769067e-01
  1.00763092e-01 3.97655136e-02 1.37380340e-02]
 [9.35003526e-01 7.38556719e-01 4.37951208e-01 2.23799199e-01
  1.00776349e-01 3.97690102e-02 1.37387378e-02]
 [9.41288038e-01 7.36276746e-01 4.37304205e-01 2.23680418e-01
  1.00765037e-01 3.97682732e-02 1.37385899e-02]
 [9.34888482e-01 7.28963350e-01 4.34870759e-01 2.22998877e-01
  1.00594390e-01 3.97299051e-02 1.37316461e-02]
 [8.43382480e-01 6.81967865e-01 4.17704493e-01 2.17404202e-01
  9.89876968e-02 3.93191732e-02 1.36421663e-02]
 [4.85171434e-01 4.37987065e-01 3.06430155e-01 1.74946861e-01
  8.46590126e-02 3.49468682e-02 1.23833144e-02]
 [6.75395634e-02 6.64383128e-02 5.82138121e-02 4.22049965e-02
  2.50566818e-02 1.18419237e-02 4.55166736e-03]
 [4.66624400e-07 4.66624400e-07 4.66624400e-07 4.66624400e-07
  4.66624400e-07 4.66624400e-07 4.66624400e-07]
 [           nan            nan            nan            nan
             nan            nan            nan]]
[[1.00000000e-06 1.00000000e-06 1.00000000e-06 1.00000000e-06
  1.00000000e-06 1.00000000e-06 1.00000000e-06]
 [3.16227766e-06 3.16227766e-06 3.16227766e-06 3.16227766e-06
  3.16227766e-06 3.16227766e-06 3.16227766e-06]
 [1.00000000e-05 1.00000000e-05 1.00000000e-05 1.00000000e-05
  1.00000000e-05 1.00000000e-05 1.00000000e-05]
 [3.16227766e-05 3.16227766e-05 3.16227766e-05 3.16227766e-05
  3.16227766e-05 3.16227766e-05 3.16227766e-05]
 [1.00000000e-04 1.00000000e-04 1.00000000e-04 1.00000000e-04
  1.00000000e-04 1.00000000e-04 1.00000000e-04]
 [3.16227766e-04 3.16227766e-04 3.16227766e-04 3.16227766e-04
  3.16227766e-04 3.16227766e-04 3.16227766e-04]
 [1.00000000e-03 1.00000000e-03 1.00000000e-03 1.00000000e-03
  1.00000000e-03 1.00000000e-03 1.00000000e-03]
 [3.16227766e-03 3.16227766e-03 3.16227766e-03 3.16227766e-03
  3.16227766e-03 3.16227766e-03 3.16227766e-03]
 [1.00000000e-02 1.00000000e-02 1.00000000e-02 1.00000000e-02
  1.00000000e-02 1.00000000e-02 1.00000000e-02]]
[[0. 1. 2. 3. 4. 5. 6.]
 [0. 1. 2. 3. 4. 5. 6.]
 [0. 1. 2. 3. 4. 5. 6.]
 [0. 1. 2. 3. 4. 5. 6.]
 [0. 1. 2. 3. 4. 5. 6.]
 [0. 1. 2. 3. 4. 5. 6.]
 [0. 1. 2. 3. 4. 5. 6.]
 [0. 1. 2. 3. 4. 5. 6.]
 [0. 1. 2. 3. 4. 5. 6.]]
