Traceback (most recent call last):
  File "/global/home/users/kalatimer/proj/20supersat/src/wrf/filtering_criteria_figsrc.py", line 105, in <module>
    main()
  File "/global/home/users/kalatimer/proj/20supersat/src/wrf/filtering_criteria_figsrc.py", line 27, in main
    main_data_dict = np.load(DATA_DIR + main_filename, allow_pickle=True).item()
  File "/global/home/users/kalatimer/miniconda3/envs/supersatenv/lib/python3.7/site-packages/numpy/lib/npyio.py", line 428, in load
    fid = open(os_fspath(file), "rb")
FileNotFoundError: [Errno 2] No such file or directory: '/clusterfs/stratus/dromps/wrf_fan2018/Supersaturation/Supersaturation/filtered_data_dict.npy'
slurmstepd: error: *** JOB 29110445 ON n0271.lr3 CANCELLED AT 2021-02-28T10:23:55 ***
Traceback (most recent call last):
  File "/global/home/users/kalatimer/proj/20supersat/src/wrf/filtering_criteria_figsrc.py", line 105, in <module>
    main()
  File "/global/home/users/kalatimer/proj/20supersat/src/wrf/filtering_criteria_figsrc.py", line 44, in main
    make_and_save_filtering_criteria_heatmap(dist_arr, lh_frac_arr)
  File "/global/home/users/kalatimer/proj/20supersat/src/wrf/filtering_criteria_figsrc.py", line 71, in make_and_save_filtering_criteria_heatmap
    ax.set_xticks(np.arange(n_lwc_vals))
NameError: name 'n_lwc_vals' is not defined
/global/home/users/kalatimer/miniconda3/envs/supersatenv/lib/python3.7/site-packages/matplotlib/text.py:1150: FutureWarning: elementwise comparison failed; returning scalar instead, but in the future will perform elementwise comparison
  if s != self._text:
/global/home/users/kalatimer/miniconda3/envs/supersatenv/lib/python3.7/site-packages/matplotlib/text.py:1150: FutureWarning: elementwise comparison failed; returning scalar instead, but in the future will perform elementwise comparison
  if s != self._text:
[[0.19820218 0.11979395 0.0943302  0.14499321 0.22900649 0.3718425
  0.58925227]
 [0.19458609 0.37209556 0.61268737 0.81646404 1.00793779 1.17951172
  1.32068786]
 [0.8391261  1.08731608 1.32412955 1.51486395 1.62344075 1.65169824
  1.65310045]
 [1.49656096 1.61124557 1.67588093 1.69888362 1.70386424 1.69650931
  1.67291921]
 [1.69507555 1.72052416 1.73200059 1.73032663 1.72293302 1.70904546
  1.68595062]
 [1.71218792 1.71232021 1.72452022 1.73375401 1.73210039 1.72099934
  1.68779056]
 [1.50567654 1.4342558  1.38662147 1.41978128 1.43345723 1.41096001
  1.34626511]
 [       nan        nan        nan        nan        nan        nan
         nan]
 [       nan        nan        nan        nan        nan        nan
         nan]]
[[0.88642306 0.70247021 0.41846102 0.21383596 0.09584151 0.03749745
  0.01279077]
 [0.87177515 0.68732352 0.40858014 0.20788913 0.09252344 0.03581768
  0.01206383]
 [0.8516237  0.66829337 0.39705104 0.20145214 0.08927094 0.03431031
  0.01142814]
 [0.80292114 0.63449006 0.37980268 0.19304087 0.08543699 0.03274048
  0.01084168]
 [0.66509881 0.54804542 0.33918083 0.17587587 0.07866141 0.0301997
  0.00996876]
 [0.36745205 0.33237444 0.23058744 0.12827145 0.05973706 0.023232
  0.00767193]
 [0.03591437 0.03523032 0.03048181 0.02200457 0.01330346 0.00616317
  0.00209776]
 [       nan        nan        nan        nan        nan        nan
         nan]
 [       nan        nan        nan        nan        nan        nan
         nan]]
[[1.00000000e-06 1.00000000e-06 1.00000000e-06 1.00000000e-06
  1.00000000e-06 1.00000000e-06 1.00000000e-06]
 [3.16227766e-06 3.16227766e-06 3.16227766e-06 3.16227766e-06
  3.16227766e-06 3.16227766e-06 3.16227766e-06]
 [1.00000000e-05 1.00000000e-05 1.00000000e-05 1.00000000e-05
  1.00000000e-05 1.00000000e-05 1.00000000e-05]
 [3.16227766e-05 3.16227766e-05 3.16227766e-05 3.16227766e-05
  3.16227766e-05 3.16227766e-05 3.16227766e-05]
 [1.00000000e-04 1.00000000e-04 1.00000000e-04 1.00000000e-04
  1.00000000e-04 1.00000000e-04 1.00000000e-04]
 [3.16227766e-04 3.16227766e-04 3.16227766e-04 3.16227766e-04
  3.16227766e-04 3.16227766e-04 3.16227766e-04]
 [1.00000000e-03 1.00000000e-03 1.00000000e-03 1.00000000e-03
  1.00000000e-03 1.00000000e-03 1.00000000e-03]
 [3.16227766e-03 3.16227766e-03 3.16227766e-03 3.16227766e-03
  3.16227766e-03 3.16227766e-03 3.16227766e-03]
 [1.00000000e-02 1.00000000e-02 1.00000000e-02 1.00000000e-02
  1.00000000e-02 1.00000000e-02 1.00000000e-02]]
[[0. 1. 2. 3. 4. 5. 6.]
 [0. 1. 2. 3. 4. 5. 6.]
 [0. 1. 2. 3. 4. 5. 6.]
 [0. 1. 2. 3. 4. 5. 6.]
 [0. 1. 2. 3. 4. 5. 6.]
 [0. 1. 2. 3. 4. 5. 6.]
 [0. 1. 2. 3. 4. 5. 6.]
 [0. 1. 2. 3. 4. 5. 6.]
 [0. 1. 2. 3. 4. 5. 6.]]
/global/home/users/kalatimer/miniconda3/envs/supersatenv/lib/python3.7/site-packages/matplotlib/text.py:1150: FutureWarning: elementwise comparison failed; returning scalar instead, but in the future will perform elementwise comparison
  if s != self._text:
[[-0.11943738 -0.06816814 -0.0111992   0.03816441  0.09937714  0.19271851
   0.33155148]
 [-0.08640127 -0.00540547  0.16051603  0.36236643  0.51312605  0.61810281
   0.69224874]
 [ 0.40025029  0.45612544  0.56799339  0.69792792  0.77413754  0.78980989
   0.78198026]
 [ 0.78577982  0.78552001  0.80656936  0.81757279  0.8188054   0.80965093
   0.79208032]
 [ 0.8724234   0.8669579   0.8670424   0.86439057  0.85828152  0.84774225
   0.83479314]
 [ 0.84289409  0.84641846  0.86494815  0.8897036   0.91708941  0.94611412
   0.96811396]
 [ 0.73924065  0.7195525   0.72198508  0.75280273  0.77330711  0.77177987
   0.74960856]
 [        nan         nan         nan         nan         nan         nan
          nan]
 [        nan         nan         nan         nan         nan         nan
          nan]]
[[1.47256142e-01 9.68631432e-02 2.29153168e-03 1.79642162e-02
  7.76842952e-02 1.84147526e-01 3.54324453e-01]
 [1.91582709e-02 1.20444419e-04 8.61595511e-02 3.29802245e-01
  5.36033633e-01 6.79236878e-01 7.90013560e-01]
 [2.01816003e-01 3.58367342e-01 5.34298472e-01 7.35536599e-01
  8.61145423e-01 9.00454146e-01 9.09567597e-01]
 [7.18340794e-01 8.16773445e-01 8.72602900e-01 9.01930009e-01
  9.17833151e-01 9.22051400e-01 9.17065561e-01]
 [8.84462155e-01 9.01491337e-01 9.07143262e-01 9.08713001e-01
  9.08629987e-01 9.07430751e-01 9.04242968e-01]
 [8.78148689e-01 8.74472426e-01 8.68309202e-01 8.54606501e-01
  8.29979230e-01 7.94391882e-01 7.47297424e-01]
 [7.63065647e-01 7.13552562e-01 6.63228533e-01 6.56446532e-01
  6.25030690e-01 5.69664020e-01 4.88940750e-01]
 [           nan            nan            nan            nan
             nan            nan            nan]
 [           nan            nan            nan            nan
             nan            nan            nan]]
[[-0.05474694  0.01768186  0.07726888  0.10527118  0.13624141  0.17424518
   0.21510965]
 [ 0.16630672  0.30188335  0.41853571  0.44189812  0.44818988  0.47245284
   0.49930848]
 [ 0.59421814  0.66627125  0.72713272  0.73829359  0.72754235  0.7115292
   0.6986129 ]
 [ 0.80257826  0.80073297  0.79156387  0.76801708  0.74342998  0.72660287
   0.70522647]
 [ 0.81679779  0.79765523  0.78584953  0.76754615  0.74870196  0.73394211
   0.71805292]
 [ 0.81111281  0.80097001  0.8003129   0.80069652  0.79746766  0.79139859
   0.77659317]
 [ 0.75200613  0.73138273  0.73338065  0.76986709  0.8100353   0.83450603
   0.84949226]
 [        nan         nan         nan         nan         nan         nan
          nan]
 [        nan         nan         nan         nan         nan         nan
          nan]]
[[0.01836349 0.00292888 0.052887   0.09034254 0.13405814 0.19197585
  0.25587864]
 [0.04871963 0.21746797 0.40868668 0.48089565 0.51423149 0.56975644
  0.6257617 ]
 [0.38743699 0.63392532 0.78517878 0.84948096 0.87486092 0.88725191
  0.89770527]
 [0.67977896 0.81901064 0.87750418 0.90247012 0.91520777 0.91895522
  0.91264113]
 [0.81408021 0.87157723 0.89866298 0.91212541 0.91961294 0.91655216
  0.90127385]
 [0.88998197 0.89964509 0.91179662 0.91807585 0.91339947 0.89963137
  0.86593414]
 [0.75683731 0.70374422 0.65095113 0.65226494 0.64029304 0.61175695
  0.53834618]
 [       nan        nan        nan        nan        nan        nan
         nan]
 [       nan        nan        nan        nan        nan        nan
         nan]]
[[0.19820218 0.11979395 0.0943302  0.14499321 0.22900649 0.3718425
  0.58925227]
 [0.19458609 0.37209556 0.61268737 0.81646404 1.00793779 1.17951172
  1.32068786]
 [0.8391261  1.08731608 1.32412955 1.51486395 1.62344075 1.65169824
  1.65310045]
 [1.49656096 1.61124557 1.67588093 1.69888362 1.70386424 1.69650931
  1.67291921]
 [1.69507555 1.72052416 1.73200059 1.73032663 1.72293302 1.70904546
  1.68595062]
 [1.71218792 1.71232021 1.72452022 1.73375401 1.73210039 1.72099934
  1.68779056]
 [1.50567654 1.4342558  1.38662147 1.41978128 1.43345723 1.41096001
  1.34626511]
 [       nan        nan        nan        nan        nan        nan
         nan]
 [       nan        nan        nan        nan        nan        nan
         nan]]
[[0.88642306 0.70247021 0.41846102 0.21383596 0.09584151 0.03749745
  0.01279077]
 [0.87177515 0.68732352 0.40858014 0.20788913 0.09252344 0.03581768
  0.01206383]
 [0.8516237  0.66829337 0.39705104 0.20145214 0.08927094 0.03431031
  0.01142814]
 [0.80292114 0.63449006 0.37980268 0.19304087 0.08543699 0.03274048
  0.01084168]
 [0.66509881 0.54804542 0.33918083 0.17587587 0.07866141 0.0301997
  0.00996876]
 [0.36745205 0.33237444 0.23058744 0.12827145 0.05973706 0.023232
  0.00767193]
 [0.03591437 0.03523032 0.03048181 0.02200457 0.01330346 0.00616317
  0.00209776]
 [       nan        nan        nan        nan        nan        nan
         nan]
 [       nan        nan        nan        nan        nan        nan
         nan]]
[[1.00000000e-06 1.00000000e-06 1.00000000e-06 1.00000000e-06
  1.00000000e-06 1.00000000e-06 1.00000000e-06]
 [3.16227766e-06 3.16227766e-06 3.16227766e-06 3.16227766e-06
  3.16227766e-06 3.16227766e-06 3.16227766e-06]
 [1.00000000e-05 1.00000000e-05 1.00000000e-05 1.00000000e-05
  1.00000000e-05 1.00000000e-05 1.00000000e-05]
 [3.16227766e-05 3.16227766e-05 3.16227766e-05 3.16227766e-05
  3.16227766e-05 3.16227766e-05 3.16227766e-05]
 [1.00000000e-04 1.00000000e-04 1.00000000e-04 1.00000000e-04
  1.00000000e-04 1.00000000e-04 1.00000000e-04]
 [3.16227766e-04 3.16227766e-04 3.16227766e-04 3.16227766e-04
  3.16227766e-04 3.16227766e-04 3.16227766e-04]
 [1.00000000e-03 1.00000000e-03 1.00000000e-03 1.00000000e-03
  1.00000000e-03 1.00000000e-03 1.00000000e-03]
 [3.16227766e-03 3.16227766e-03 3.16227766e-03 3.16227766e-03
  3.16227766e-03 3.16227766e-03 3.16227766e-03]
 [1.00000000e-02 1.00000000e-02 1.00000000e-02 1.00000000e-02
  1.00000000e-02 1.00000000e-02 1.00000000e-02]]
[[0. 1. 2. 3. 4. 5. 6.]
 [0. 1. 2. 3. 4. 5. 6.]
 [0. 1. 2. 3. 4. 5. 6.]
 [0. 1. 2. 3. 4. 5. 6.]
 [0. 1. 2. 3. 4. 5. 6.]
 [0. 1. 2. 3. 4. 5. 6.]
 [0. 1. 2. 3. 4. 5. 6.]
 [0. 1. 2. 3. 4. 5. 6.]
 [0. 1. 2. 3. 4. 5. 6.]]
/global/home/users/kalatimer/miniconda3/envs/supersatenv/lib/python3.7/site-packages/matplotlib/text.py:1150: FutureWarning: elementwise comparison failed; returning scalar instead, but in the future will perform elementwise comparison
  if s != self._text:
[[-0.11943738 -0.06816814 -0.0111992   0.03816441  0.09937714  0.19271851
   0.33155148]
 [-0.08640127 -0.00540547  0.16051603  0.36236643  0.51312605  0.61810281
   0.69224874]
 [ 0.40025029  0.45612544  0.56799339  0.69792792  0.77413754  0.78980989
   0.78198026]
 [ 0.78577982  0.78552001  0.80656936  0.81757279  0.8188054   0.80965093
   0.79208032]
 [ 0.8724234   0.8669579   0.8670424   0.86439057  0.85828152  0.84774225
   0.83479314]
 [ 0.84289409  0.84641846  0.86494815  0.8897036   0.91708941  0.94611412
   0.96811396]
 [ 0.73924065  0.7195525   0.72198508  0.75280273  0.77330711  0.77177987
   0.74960856]
 [        nan         nan         nan         nan         nan         nan
          nan]
 [        nan         nan         nan         nan         nan         nan
          nan]]
[[1.47256142e-01 9.68631432e-02 2.29153168e-03 1.79642162e-02
  7.76842952e-02 1.84147526e-01 3.54324453e-01]
 [1.91582709e-02 1.20444419e-04 8.61595511e-02 3.29802245e-01
  5.36033633e-01 6.79236878e-01 7.90013560e-01]
 [2.01816003e-01 3.58367342e-01 5.34298472e-01 7.35536599e-01
  8.61145423e-01 9.00454146e-01 9.09567597e-01]
 [7.18340794e-01 8.16773445e-01 8.72602900e-01 9.01930009e-01
  9.17833151e-01 9.22051400e-01 9.17065561e-01]
 [8.84462155e-01 9.01491337e-01 9.07143262e-01 9.08713001e-01
  9.08629987e-01 9.07430751e-01 9.04242968e-01]
 [8.78148689e-01 8.74472426e-01 8.68309202e-01 8.54606501e-01
  8.29979230e-01 7.94391882e-01 7.47297424e-01]
 [7.63065647e-01 7.13552562e-01 6.63228533e-01 6.56446532e-01
  6.25030690e-01 5.69664020e-01 4.88940750e-01]
 [           nan            nan            nan            nan
             nan            nan            nan]
 [           nan            nan            nan            nan
             nan            nan            nan]]
[[-0.05474694  0.01768186  0.07726888  0.10527118  0.13624141  0.17424518
   0.21510965]
 [ 0.16630672  0.30188335  0.41853571  0.44189812  0.44818988  0.47245284
   0.49930848]
 [ 0.59421814  0.66627125  0.72713272  0.73829359  0.72754235  0.7115292
   0.6986129 ]
 [ 0.80257826  0.80073297  0.79156387  0.76801708  0.74342998  0.72660287
   0.70522647]
 [ 0.81679779  0.79765523  0.78584953  0.76754615  0.74870196  0.73394211
   0.71805292]
 [ 0.81111281  0.80097001  0.8003129   0.80069652  0.79746766  0.79139859
   0.77659317]
 [ 0.75200613  0.73138273  0.73338065  0.76986709  0.8100353   0.83450603
   0.84949226]
 [        nan         nan         nan         nan         nan         nan
          nan]
 [        nan         nan         nan         nan         nan         nan
          nan]]
[[0.01836349 0.00292888 0.052887   0.09034254 0.13405814 0.19197585
  0.25587864]
 [0.04871963 0.21746797 0.40868668 0.48089565 0.51423149 0.56975644
  0.6257617 ]
 [0.38743699 0.63392532 0.78517878 0.84948096 0.87486092 0.88725191
  0.89770527]
 [0.67977896 0.81901064 0.87750418 0.90247012 0.91520777 0.91895522
  0.91264113]
 [0.81408021 0.87157723 0.89866298 0.91212541 0.91961294 0.91655216
  0.90127385]
 [0.88998197 0.89964509 0.91179662 0.91807585 0.91339947 0.89963137
  0.86593414]
 [0.75683731 0.70374422 0.65095113 0.65226494 0.64029304 0.61175695
  0.53834618]
 [       nan        nan        nan        nan        nan        nan
         nan]
 [       nan        nan        nan        nan        nan        nan
         nan]]
[[2.01405399 1.97882265 1.94072197 1.87551015 1.77699803 1.62852471
  1.42600484]
 [1.93450175 1.76361065 1.49251126 1.19861947 0.9963817  0.84388979
  0.72770285]
 [1.23963292 0.97615447 0.72395603 0.50232924 0.40023419 0.38732002
  0.39624363]
 [0.51646786 0.38992067 0.33480782 0.32592263 0.33556039 0.35160063
  0.38030477]
 [0.31265636 0.29127302 0.28710575 0.29745582 0.313122   0.3309106
  0.35454721]
 [0.29548663 0.29837645 0.28850692 0.28237919 0.29034502 0.31427185
  0.36436188]
 [0.49473465 0.56623816 0.61937736 0.59415175 0.59788572 0.64451098
  0.74810044]
 [       nan        nan        nan        nan        nan        nan
         nan]
 [       nan        nan        nan        nan        nan        nan
         nan]]
[[0.88642306 0.70247021 0.41846102 0.21383596 0.09584151 0.03749745
  0.01279077]
 [0.87177515 0.68732352 0.40858014 0.20788913 0.09252344 0.03581768
  0.01206383]
 [0.8516237  0.66829337 0.39705104 0.20145214 0.08927094 0.03431031
  0.01142814]
 [0.80292114 0.63449006 0.37980268 0.19304087 0.08543699 0.03274048
  0.01084168]
 [0.66509881 0.54804542 0.33918083 0.17587587 0.07866141 0.0301997
  0.00996876]
 [0.36745205 0.33237444 0.23058744 0.12827145 0.05973706 0.023232
  0.00767193]
 [0.03591437 0.03523032 0.03048181 0.02200457 0.01330346 0.00616317
  0.00209776]
 [       nan        nan        nan        nan        nan        nan
         nan]
 [       nan        nan        nan        nan        nan        nan
         nan]]
[[1.00000000e-06 1.00000000e-06 1.00000000e-06 1.00000000e-06
  1.00000000e-06 1.00000000e-06 1.00000000e-06]
 [3.16227766e-06 3.16227766e-06 3.16227766e-06 3.16227766e-06
  3.16227766e-06 3.16227766e-06 3.16227766e-06]
 [1.00000000e-05 1.00000000e-05 1.00000000e-05 1.00000000e-05
  1.00000000e-05 1.00000000e-05 1.00000000e-05]
 [3.16227766e-05 3.16227766e-05 3.16227766e-05 3.16227766e-05
  3.16227766e-05 3.16227766e-05 3.16227766e-05]
 [1.00000000e-04 1.00000000e-04 1.00000000e-04 1.00000000e-04
  1.00000000e-04 1.00000000e-04 1.00000000e-04]
 [3.16227766e-04 3.16227766e-04 3.16227766e-04 3.16227766e-04
  3.16227766e-04 3.16227766e-04 3.16227766e-04]
 [1.00000000e-03 1.00000000e-03 1.00000000e-03 1.00000000e-03
  1.00000000e-03 1.00000000e-03 1.00000000e-03]
 [3.16227766e-03 3.16227766e-03 3.16227766e-03 3.16227766e-03
  3.16227766e-03 3.16227766e-03 3.16227766e-03]
 [1.00000000e-02 1.00000000e-02 1.00000000e-02 1.00000000e-02
  1.00000000e-02 1.00000000e-02 1.00000000e-02]]
[[0. 1. 2. 3. 4. 5. 6.]
 [0. 1. 2. 3. 4. 5. 6.]
 [0. 1. 2. 3. 4. 5. 6.]
 [0. 1. 2. 3. 4. 5. 6.]
 [0. 1. 2. 3. 4. 5. 6.]
 [0. 1. 2. 3. 4. 5. 6.]
 [0. 1. 2. 3. 4. 5. 6.]
 [0. 1. 2. 3. 4. 5. 6.]
 [0. 1. 2. 3. 4. 5. 6.]]
