slurmstepd: error: *** JOB 33072032 ON n0272.lr6 CANCELLED AT 2021-06-18T10:39:23 ***
/global/home/users/kalatimer/proj/20supersat/src/wrf/ss_functions.py:99: RuntimeWarning: invalid value encountered in true_divide
  return meanr/nconc
Polluted (1000, 1500)
0.6423084345876668
0.5649058719282116
0 1
0.9298554404503597
0 2
0.0003421415388577565
0 3
0.010493081705788951
1 2
2.0965804776898386e-06
1 3
0.0005197554938575585
2 3
0.19347037272856202
Polluted (3000, 4000)
3.3316187308523064
2.957214860252948
0 1
0.9753201365566793
0 2
0.09152398031331693
0 3
0.062382195518276604
1 2
0.08713385104202773
1 3
0.025300950470578298
2 3
0.1262666520069194
Unpolluted (1000, 1500)
0.732613722891172
0.5747599968638094
0 1
0.9247399508581096
0 2
0.00046012402524120075
0 3
0.008737345108887025
1 2
0.00024626387251210454
1 3
0.00032240827058134595
2 3
0.11444550663569314
Unpolluted (3000, 4000)
7.178409596998905
4.564072643480265
0 1
0.9841408005231125
0 2
0.014207083591686032
0 3
0.021927432205721704
1 2
0.014073053645015633
1 3
0.015473770370008745
2 3
0.016619464255601096
