20140905
1675.8816072844097 2582.6989252236617 4081.3043754572054 4716.574776931586 8287.835163852065
20140905
1675.8816072844097 2582.6989252236617 4081.3043754572054 4716.574776931586 8287.835163852065
20140906
1560.4537510789708 2852.6210682733035 4007.175567971589 4561.9164794739845 21557.638790111974
20140907
1497.444901852149 2409.5147431496243 2735.67679392721 3183.4120035258247 6826.877321446085
20140908
0.0 1434.9577364956717 2278.9873138622006 3455.89425297094 9259.745801970857
20140909
0.0 1003.7676849704478 1337.1215535354677 1628.0740298913984 18357.38312340339
20140910
0.0 1217.903645076176 1627.983317931304 2334.7972759635027 9968.752726672341
20140911
1919.9367212373677 2467.658433100181 2949.309768489499 3299.358750822734 5981.992172079872
20140912
1096.2261400695836 2185.1954568135084 2860.7804656205944 3480.35983294177 6905.4227988536495
20140913
0.0 2027.1521633413017 2364.5905004496008 2854.510166631873 5890.136190924828
20140914
0.0 2681.8189302757955 3309.710387569586 5938.021212180093 24057.02126269793
20140915
0.0 2626.075278634714 3212.043181346174 4306.17449794881 6776.672505554262
20140916
0.0 3515.1416251201263 3921.05455187443 4846.377605767275 220668.06314111178
20140917
418.3525323879186 1612.996992599178 2441.011672539549 3236.9340989857583 84209.09253833733
20140918
0.0 1980.0476074534158 2955.524243968392 4162.3830968783 11820.666933277538
20140919
0.0 1255.34707193771 1985.6530449310474 3047.3923428984626 25385.50633095968
20140920
0.0 2276.944433082421 2695.972744813471 3174.759572204913 9514.664025352105
20140921
0.0 2015.736865779091 3095.915236998528 3703.894286776702 10333.061014076107
20140922
0.0 2033.5782400712283 2889.2707857367177 3804.0521075528254 36067.39416898397
20140923
0.0 1981.126245350074 3178.279304606657 4298.713396099936 7693.12164192568
20140924
0.0 1991.12910572475 2656.8907448261402 3334.852869161151 129030.97852740198
20140925
0.0 2592.7626799664977 3772.6977488538932 4327.952983026944 33598.08666124309
20140926
1613.9627894242753 2706.6380515074397 3728.238458304405 4138.193298106157 6893.6609364491305
20140927
1444.0102611963262 2817.7123970427797 3653.172866371582 4137.44672244309 5304.521962138542
20140928
1543.8697177523213 2266.454622229337 3300.389008311661 4692.127709207456 7456.8823855435085
20140929
0.0 2663.9665980441205 3150.777918283232 3681.0709479126735 10662.130141131747
20140930
0.0 3068.696871151922 3930.895913979716 5040.5396172839955 147381.85426062936
20141001
0.0 2413.5448688588585 4332.8610766067795 7206.317725765917 29582.160893435444
20141002
0.0 1822.2548455926549 2641.783809590906 5751.135634168822 23034.47371817645
