No handles with labels found to put in legend.
[ 643.26448683  610.75135444  562.20351407  597.96798478  657.10131297
  622.32742299  624.60130477  610.8496989   602.99757535  584.34396302
  614.2555178   606.54350449  663.4034344   553.79401685  539.67565039
  508.7228493   509.23726328  518.94427111  515.24608806  474.77062944
  480.38842873  474.65546049  447.27193394  443.69745954  451.55766825
  452.01630206  470.90898059  472.53814775  436.39818293  412.44255157
  429.47723929  414.21997808  400.82861409  415.2179594   403.03286549
  419.46065371  386.01903462  395.79025058  387.21153127  412.97793951
  388.65542129  376.00907185  355.15942437  354.54618514  343.19960075
  327.52967643  326.26882516  329.36420251  322.43732869  343.58562052
  316.40152452  317.60834422  300.82597557  316.4218074   342.6099061
  305.44318951  317.08101338  355.66521044  380.92137095  363.26052017
  355.29048164  327.81439109  329.67298339  344.84649084  355.1229688
  349.2416986   349.60279033  326.21263323  333.95162016  317.92855622
  297.60425861  302.17823699  290.92890519  287.70597892  281.79811168
  285.0601782   276.01595856  294.5308942   285.32702848  287.87453793
  293.2553164   294.14004404  291.20524916  275.45733271  274.21366614
  253.27631578  251.40707036  253.75789094  256.1400678   236.00911731
  235.38844675  238.87607873  247.93805832  227.37932116  220.3945879
  214.31094416  206.96553414  208.66685266  203.75648663  215.47365921
  211.55830581  203.36029441  201.70532334  189.93701557  172.24459951
  218.3398669   184.46175246  163.40050463  180.99203641  206.98213663
  199.74470226  200.18973358  204.66745615  216.30369242  225.08398433
  218.52183751  199.22387666  426.54047642  192.96860773  193.59414929
  169.85204249  301.66008534 1329.82004834  172.10416034  192.24421305
  168.1855847   155.88713624  143.99655808  140.62328424  143.04908556
  190.89384773  136.98126831  151.84690474  161.85186742  203.36625324
  173.40890626  153.66122155  137.52206811  146.84005245  173.58135427
  193.39258864  198.73772151  189.69634258  209.5737605   216.81485358
  212.63316547  234.91318881  260.21842004  251.81851196  261.45599031
  258.17821025  264.881919    297.51584524  297.49555044  348.59325318
  326.79328775  370.64969723  404.04905193  462.34993201  662.4928151
  795.48411365  750.81694911  705.56781933  621.74616735  617.22299052
  623.11349416  674.73457466  716.46864329  398.00167442  346.40263318
  293.65610167  344.65152308  618.91350836  520.35239956  606.9753943
  574.20162417  763.56732492  678.45836511  696.32484664  493.8507046
  573.38391054  565.60032025  540.47371972  470.83072166  302.0985457
  312.16609862  260.93557775  264.94277487  193.80926925  224.87394732
  158.92243218  196.33409108  328.20739743  335.22369695  300.30555367
  239.91925054  324.93693077  304.69890457  402.97178464  266.91716807
  364.19252163  304.69630024  364.65562759  306.10792973  254.68589111
  237.84475571  207.84659014  271.18699843  237.02959315  248.84185406
  188.47712165  199.79979916  202.67597289  174.18920007  181.31900731
  205.01626036  195.68937724  175.58340039  147.9166205   177.38174315
  177.77797702  209.4938099   222.29716085  206.23498622  264.19054846
  122.63904487  136.43896772  234.0063256   154.52913016  111.36922796
  153.17873725  162.04272694  199.61102508  224.6907162   327.98995316
  445.12680221  430.00592923  348.96525974  396.89672975  266.69975361
  242.75869569  219.28919648  443.84220667  427.84784039  330.22520879
  292.70176521  290.15031148  388.49028648  318.20379954  330.45352268
  327.49555937  354.91240303  420.41359571  424.244509    663.85910229
 1273.76440847  980.18587161 1067.90222902  832.25122797 1013.01604774
  724.79312832  949.06422252  980.80983839  731.69091546  757.53765195
 1797.78960962 1365.63150197 3462.56954149  761.00836686 3768.45309901
 3042.47838336 3277.5434097   751.71961518  508.51694065  537.90413241
  573.28488992  485.14286765  497.57830303  505.64041671  611.5385091
  748.19462358  829.9612223   697.15767587  675.34560128  663.30016689
  602.37300071  597.88238674  573.02631267]
[ 643.26448683  610.75135444  562.20351407  597.96798478  657.10131297
  622.32742299  624.60130477  610.8496989   602.99757535  584.34396302
  614.2555178   606.54350449  663.4034344   553.79401685  539.67565039
  508.7228493   509.23726328  518.94427111  515.24608806  474.77062944
  480.38842873  474.65546049  447.27193394  443.69745954  451.55766825
  452.01630206  470.90898059  472.53814775  436.39818293  412.44255157
  429.47723929  414.21997808  400.82861409  415.2179594   403.03286549
  419.46065371  386.01903462  395.79025058  387.21153127  412.97793951
  388.65542129  376.00907185  355.15942437  354.54618514  343.19960075
  327.52967643  326.26882516  329.36420251  322.43732869  343.58562052
  316.40152452  317.60834422  300.82597557  316.4218074   342.6099061
  305.44318951  317.08101338  355.66521044  380.92137095  363.26052017
  355.29048164  327.81439109  329.67298339  344.84649084  355.1229688
  349.2416986   349.60279033  326.21263323  333.95162016  317.92855622
  297.60425861  302.17823699  290.92890519  287.70597892  281.79811168
  285.0601782   276.01595856  294.5308942   285.32702848  287.87453793
  293.2553164   294.14004404  291.20524916  275.45733271  274.21366614
  253.27631578  251.40707036  253.75789094  256.1400678   236.00911731
  235.38844675  238.87607873  247.93805832  227.37932116  220.3945879
  214.31094416  206.96553414  208.66685266  203.75648663  215.47365921
  211.55830581  203.36029441  201.70532334  189.93701557  172.24459951
  218.3398669   184.46175246  163.40050463  180.99203641  206.98213663
  199.74470226  200.18973358  204.66745615  216.30369242  225.08398433
  218.52183751  199.22387666  426.54047642  192.96860773  193.59414929
  169.85204249  301.66008534 1329.82004834  172.10416034  192.24421305
  168.1855847   155.88713624  143.99655808  140.62328424  143.04908556
  190.89384773  136.98126831  151.84690474  161.85186742  203.36625324
  173.40890626  153.66122155  137.52206811  146.84005245  173.58135427
  193.39258864  198.73772151  189.69634258  209.5737605   216.81485358
  212.63316547  234.91318881  260.21842004  251.81851196  261.45599031
  258.17821025  264.881919    297.51584524  297.49555044  348.59325318
  326.79328775  370.64969723  404.04905193  462.34993201  662.4928151
  795.48411365  750.81694911  705.56781933  621.74616735  617.22299052
  623.11349416  674.73457466  716.46864329  398.00167442  346.40263318
  293.65610167  344.65152308  618.91350836  520.35239956  606.9753943
  574.20162417  763.56732492  678.45836511  696.32484664  493.8507046
  573.38391054  565.60032025  540.47371972  470.83072166  302.0985457
  312.16609862  260.93557775  264.94277487  193.80926925  224.87394732
  158.92243218  196.33409108  328.20739743  335.22369695  300.30555367
  239.91925054  324.93693077  304.69890457  402.97178464  266.91716807
  364.19252163  304.69630024  364.65562759  306.10792973  254.68589111
  237.84475571  207.84659014  271.18699843  237.02959315  248.84185406
  188.47712165  199.79979916  202.67597289  174.18920007  181.31900731
  205.01626036  195.68937724  175.58340039  147.9166205   177.38174315
  177.77797702  209.4938099   222.29716085  206.23498622  264.19054846
  122.63904487  136.43896772  234.0063256   154.52913016  111.36922796
  153.17873725  162.04272694  199.61102508  224.6907162   327.98995316
  445.12680221  430.00592923  348.96525974  396.89672975  266.69975361
  242.75869569  219.28919648  443.84220667  427.84784039  330.22520879
  292.70176521  290.15031148  388.49028648  318.20379954  330.45352268
  327.49555937  354.91240303  420.41359571  424.244509    663.85910229
 1273.76440847  980.18587161 1067.90222902  832.25122797 1013.01604774
  724.79312832  949.06422252  980.80983839  731.69091546  757.53765195
 1797.78960962 1365.63150197 3462.56954149  761.00836686 3768.45309901
 3042.47838336 3277.5434097   751.71961518  508.51694065  537.90413241
  573.28488992  485.14286765  497.57830303  505.64041671  611.5385091
  748.19462358  829.9612223   697.15767587  675.34560128  663.30016689
  602.37300071  597.88238674  573.02631267  295.11926973  275.03103385
  270.9671137   272.55065308  281.94429582  303.5246758   314.00881045
  270.8285944   337.19729503  390.4318669   300.4801473   278.18502801
  278.00598259  253.52614828  215.74984496  213.2063816   255.31919444
  251.96869769  213.79335008  290.18376998 5254.68321708  281.40526612
 1152.6340081   388.64398694  604.58932169  771.81131693  617.08118424
  684.23014919  621.26154502  656.48883377  488.98043787  482.04857867
  630.62155665  434.58499815  309.1931788   337.85048405  364.41084921
  499.73127267  704.38377496  560.12690863  575.12784087  578.78611326
  545.27759484  506.89465975  470.87685089  315.91381944  325.23716462
  313.55589733  287.57161074  318.51253581  353.74852579 8093.45853501
  339.543705    361.91528211  420.60388856  380.72166249  377.86610952
  322.06739684  340.53889138  370.33961383  344.52473188  329.74544598
  352.1874018   381.36691673  322.58086175  347.0106877   376.83759347
  381.9821873   407.09002754  397.15211231  446.13957275  421.38194983
  846.33303478  389.22785566  493.07394079  420.25004633  377.08463086
  426.44204456  389.22298648  366.62056986  332.34070572  363.50804551
  354.28954834  326.30527789  332.87296687 1504.91596505  805.22736436
  319.7775136   388.33130529 1285.13549171  329.40985147  339.76629615
  349.60595118  499.44317983  467.29988352  514.80161139  521.53774453
  498.27140897  319.31846096  356.8501023   357.8568613   397.03535921
  411.87352656  387.19095148  404.54008929  408.41133592  388.36648584
  333.77232262  621.57540483 1237.46267608 1373.17876002  939.15379673
  791.16158902  693.79280893  615.60036993  530.14309346  554.41334703
  581.73122406  688.66402179  651.38361845  657.84876446 4376.76953312
 1986.29529211  675.69508628  482.04257531  555.54195666  498.73696491
  434.91862621  485.56846005  499.36611596  397.54023172  379.00927734
  386.67228674  386.56146804  389.17596798  405.54798754  750.71958791
  649.18543087  539.02373352  648.48270537  478.65834363  515.13084968
  590.54260504  418.38592104  410.1978128   303.08032071  306.67369479
  315.18052225  287.58136886  242.59825266  219.95558078  193.90587857
  190.32193111  126.75505997  144.92636169  121.16264647  112.07213891
  110.98315948  128.44502069  130.49504446  130.01521973  122.85966214
  112.33708548  107.5267688   103.04904563  116.34048831  110.32813599
  102.46596455  104.52177914   82.81784783   79.89520937   72.67534343
   72.98402058   69.6281471    58.43525756   65.64937343   62.78531449
   54.63602393   55.93330789   53.79367331   48.99948886   52.91828802
   64.7037928    52.20538899   55.0277875    58.01573188   49.95248646
   48.1932601    44.30776896   48.131722     52.80519657   53.58302102
   57.81320716   52.47699378   48.33046738   60.85894549   69.96641427
   77.52911166   63.07082439   65.94892384   63.69084467   71.3459971
   78.87126905    0.            0.           72.69758643  140.70293996
  167.20566584  177.84536288  210.03519474  179.20838991  213.91034216
  278.82202797  280.24285472  371.34448284  236.06180292  235.36903307
  231.58988144  266.55667915  301.42040194  273.9318022   400.70996716
  430.92970605  326.56291576  320.85001125  307.25921158  333.87139889
 1865.53841907 1188.29341762  452.02569713  341.07655937  306.43294934
  253.47787573  261.06718757  264.74602537  251.77455641  333.38774728
  477.72039265  406.54336994  410.50446243  452.50242965  418.10740395
  417.2377121   442.34820389  430.35840322  436.63124564  426.25794187
  428.90279377  428.08689279  472.91811781  472.37848597  504.42576907
  515.90408868  497.36605359  502.56789101  497.57695423  503.72263336
  515.3222636   558.74311339  522.41210749  524.50412788  513.30022141
  481.66879109  477.24586589  456.93096359  528.26760242 1546.91098024
  655.67159571  705.73696846  726.03202825  567.95074869  490.95682332
  435.23216992  587.206999    476.93529157  471.75722414  556.85869288
  615.57896067  413.47206077  430.59057768  419.14050035  562.94720653
  539.86757693  391.22269128  414.54044343  408.08363936  751.7207049
  698.09335013]
[ 643.26448683  610.75135444  562.20351407  597.96798478  657.10131297
  622.32742299  624.60130477  610.8496989   602.99757535  584.34396302
  614.2555178   606.54350449  663.4034344   553.79401685  539.67565039
  508.7228493   509.23726328  518.94427111  515.24608806  474.77062944
  480.38842873  474.65546049  447.27193394  443.69745954  451.55766825
  452.01630206  470.90898059  472.53814775  436.39818293  412.44255157
  429.47723929  414.21997808  400.82861409  415.2179594   403.03286549
  419.46065371  386.01903462  395.79025058  387.21153127  412.97793951
  388.65542129  376.00907185  355.15942437  354.54618514  343.19960075
  327.52967643  326.26882516  329.36420251  322.43732869  343.58562052
  316.40152452  317.60834422  300.82597557  316.4218074   342.6099061
  305.44318951  317.08101338  355.66521044  380.92137095  363.26052017
  355.29048164  327.81439109  329.67298339  344.84649084  355.1229688
  349.2416986   349.60279033  326.21263323  333.95162016  317.92855622
  297.60425861  302.17823699  290.92890519  287.70597892  281.79811168
  285.0601782   276.01595856  294.5308942   285.32702848  287.87453793
  293.2553164   294.14004404  291.20524916  275.45733271  274.21366614
  253.27631578  251.40707036  253.75789094  256.1400678   236.00911731
  235.38844675  238.87607873  247.93805832  227.37932116  220.3945879
  214.31094416  206.96553414  208.66685266  203.75648663  215.47365921
  211.55830581  203.36029441  201.70532334  189.93701557  172.24459951
  218.3398669   184.46175246  163.40050463  180.99203641  206.98213663
  199.74470226  200.18973358  204.66745615  216.30369242  225.08398433
  218.52183751  199.22387666  426.54047642  192.96860773  193.59414929
  169.85204249  301.66008534 1329.82004834  172.10416034  192.24421305
  168.1855847   155.88713624  143.99655808  140.62328424  143.04908556
  190.89384773  136.98126831  151.84690474  161.85186742  203.36625324
  173.40890626  153.66122155  137.52206811  146.84005245  173.58135427
  193.39258864  198.73772151  189.69634258  209.5737605   216.81485358
  212.63316547  234.91318881  260.21842004  251.81851196  261.45599031
  258.17821025  264.881919    297.51584524  297.49555044  348.59325318
  326.79328775  370.64969723  404.04905193  462.34993201  662.4928151
  795.48411365  750.81694911  705.56781933  621.74616735  617.22299052
  623.11349416  674.73457466  716.46864329  398.00167442  346.40263318
  293.65610167  344.65152308  618.91350836  520.35239956  606.9753943
  574.20162417  763.56732492  678.45836511  696.32484664  493.8507046
  573.38391054  565.60032025  540.47371972  470.83072166  302.0985457
  312.16609862  260.93557775  264.94277487  193.80926925  224.87394732
  158.92243218  196.33409108  328.20739743  335.22369695  300.30555367
  239.91925054  324.93693077  304.69890457  402.97178464  266.91716807
  364.19252163  304.69630024  364.65562759  306.10792973  254.68589111
  237.84475571  207.84659014  271.18699843  237.02959315  248.84185406
  188.47712165  199.79979916  202.67597289  174.18920007  181.31900731
  205.01626036  195.68937724  175.58340039  147.9166205   177.38174315
  177.77797702  209.4938099   222.29716085  206.23498622  264.19054846
  122.63904487  136.43896772  234.0063256   154.52913016  111.36922796
  153.17873725  162.04272694  199.61102508  224.6907162   327.98995316
  445.12680221  430.00592923  348.96525974  396.89672975  266.69975361
  242.75869569  219.28919648  443.84220667  427.84784039  330.22520879
  292.70176521  290.15031148  388.49028648  318.20379954  330.45352268
  327.49555937  354.91240303  420.41359571  424.244509    663.85910229
 1273.76440847  980.18587161 1067.90222902  832.25122797 1013.01604774
  724.79312832  949.06422252  980.80983839  731.69091546  757.53765195
 1797.78960962 1365.63150197 3462.56954149  761.00836686 3768.45309901
 3042.47838336 3277.5434097   751.71961518  508.51694065  537.90413241
  573.28488992  485.14286765  497.57830303  505.64041671  611.5385091
  748.19462358  829.9612223   697.15767587  675.34560128  663.30016689
  602.37300071  597.88238674  573.02631267  295.11926973  275.03103385
  270.9671137   272.55065308  281.94429582  303.5246758   314.00881045
  270.8285944   337.19729503  390.4318669   300.4801473   278.18502801
  278.00598259  253.52614828  215.74984496  213.2063816   255.31919444
  251.96869769  213.79335008  290.18376998 5254.68321708  281.40526612
 1152.6340081   388.64398694  604.58932169  771.81131693  617.08118424
  684.23014919  621.26154502  656.48883377  488.98043787  482.04857867
  630.62155665  434.58499815  309.1931788   337.85048405  364.41084921
  499.73127267  704.38377496  560.12690863  575.12784087  578.78611326
  545.27759484  506.89465975  470.87685089  315.91381944  325.23716462
  313.55589733  287.57161074  318.51253581  353.74852579 8093.45853501
  339.543705    361.91528211  420.60388856  380.72166249  377.86610952
  322.06739684  340.53889138  370.33961383  344.52473188  329.74544598
  352.1874018   381.36691673  322.58086175  347.0106877   376.83759347
  381.9821873   407.09002754  397.15211231  446.13957275  421.38194983
  846.33303478  389.22785566  493.07394079  420.25004633  377.08463086
  426.44204456  389.22298648  366.62056986  332.34070572  363.50804551
  354.28954834  326.30527789  332.87296687 1504.91596505  805.22736436
  319.7775136   388.33130529 1285.13549171  329.40985147  339.76629615
  349.60595118  499.44317983  467.29988352  514.80161139  521.53774453
  498.27140897  319.31846096  356.8501023   357.8568613   397.03535921
  411.87352656  387.19095148  404.54008929  408.41133592  388.36648584
  333.77232262  621.57540483 1237.46267608 1373.17876002  939.15379673
  791.16158902  693.79280893  615.60036993  530.14309346  554.41334703
  581.73122406  688.66402179  651.38361845  657.84876446 4376.76953312
 1986.29529211  675.69508628  482.04257531  555.54195666  498.73696491
  434.91862621  485.56846005  499.36611596  397.54023172  379.00927734
  386.67228674  386.56146804  389.17596798  405.54798754  750.71958791
  649.18543087  539.02373352  648.48270537  478.65834363  515.13084968
  590.54260504  418.38592104  410.1978128   303.08032071  306.67369479
  315.18052225  287.58136886  242.59825266  219.95558078  193.90587857
  190.32193111  126.75505997  144.92636169  121.16264647  112.07213891
  110.98315948  128.44502069  130.49504446  130.01521973  122.85966214
  112.33708548  107.5267688   103.04904563  116.34048831  110.32813599
  102.46596455  104.52177914   82.81784783   79.89520937   72.67534343
   72.98402058   69.6281471    58.43525756   65.64937343   62.78531449
   54.63602393   55.93330789   53.79367331   48.99948886   52.91828802
   64.7037928    52.20538899   55.0277875    58.01573188   49.95248646
   48.1932601    44.30776896   48.131722     52.80519657   53.58302102
   57.81320716   52.47699378   48.33046738   60.85894549   69.96641427
   77.52911166   63.07082439   65.94892384   63.69084467   71.3459971
   78.87126905    0.            0.           72.69758643  140.70293996
  167.20566584  177.84536288  210.03519474  179.20838991  213.91034216
  278.82202797  280.24285472  371.34448284  236.06180292  235.36903307
  231.58988144  266.55667915  301.42040194  273.9318022   400.70996716
  430.92970605  326.56291576  320.85001125  307.25921158  333.87139889
 1865.53841907 1188.29341762  452.02569713  341.07655937  306.43294934
  253.47787573  261.06718757  264.74602537  251.77455641  333.38774728
  477.72039265  406.54336994  410.50446243  452.50242965  418.10740395
  417.2377121   442.34820389  430.35840322  436.63124564  426.25794187
  428.90279377  428.08689279  472.91811781  472.37848597  504.42576907
  515.90408868  497.36605359  502.56789101  497.57695423  503.72263336
  515.3222636   558.74311339  522.41210749  524.50412788  513.30022141
  481.66879109  477.24586589  456.93096359  528.26760242 1546.91098024
  655.67159571  705.73696846  726.03202825  567.95074869  490.95682332
  435.23216992  587.206999    476.93529157  471.75722414  556.85869288
  615.57896067  413.47206077  430.59057768  419.14050035  562.94720653
  539.86757693  391.22269128  414.54044343  408.08363936  751.7207049
  698.09335013  921.08424074  874.01784595  756.58381483  985.31953718
 1021.45901322 1002.77333799 1038.06746935 1027.15171317  994.16416596
  937.16313005  881.85898171  911.369767    892.88136659  856.87760426
  864.61775734  869.45883654  847.53508075  806.66328342  804.29940623
  761.4544101   763.25446139  770.09376023  823.40235934  916.35625321
  730.8501296   730.0195348   697.3451126   766.32622871  760.95611638
  748.25606949  759.73535871  756.22922466  767.91504189  794.33216588
  753.05248795  777.49989894  732.58123462  711.84940536  708.37247287
  715.90765549  715.03137974  711.90093465  655.01569406  665.54895978
  647.08091535  800.36711014  647.15389731  690.27246642  779.87482624
  810.57413655  805.14325021  796.33218962  933.46768092  757.38825829
  757.35137301  807.20562373  752.80860953  795.12061156  803.73265802
  844.2212059   730.9072298   813.1717489   711.67356074  890.53365951
 1002.63948691  894.68870829  945.06978684  939.87748229  911.27779872
  967.68063517 1060.5738267  1018.33870594  941.01186549  981.82704296
  902.17195879  907.20587213  832.5845789   772.91299266  770.06243169
  743.48297822  765.89458688  792.58421003  727.69178424  733.67081955
  792.13129648  790.20338759  756.96504072  775.20249399  789.42392888
  798.32806747  804.19502701  782.49511104  773.98892267  739.52201958
  698.61939479  665.88197146  624.23630287  610.87667469  616.00714449
  624.08838621  608.97195606  615.3742319   610.65080167  597.33003111
  647.39671993  643.79861977  646.37109641  599.6100655   564.11509554
  581.42292023  582.25670164  599.81413094  575.07511011  573.52833943
  573.96585131  552.97738969  560.0916655   530.58907592  549.32251449
  545.7075242   552.67937097  541.17353333  546.12913941  541.10126195
  509.4883857   510.58086494  545.7394506   519.20469052  513.63516757
  499.81984765  515.44547073  535.13645141  563.83996486  599.8352708
  559.17899423  589.32454153  602.25265615  624.0629528   616.8486667
  715.41762888  748.70203693  831.69501529  863.81541933  923.87337693
  952.84519778  852.12004044  784.16651416  903.8744395   852.12527604
  829.5880295   834.04867918  833.03926252  799.65478734  764.74426304
  799.62660943  630.57716329  594.76437597  593.55423263  582.90906934
  578.45557993  427.90168097  439.18692266  470.60098626  512.1805862
  521.93427863  791.96434588  744.29518727 1037.01739182 1176.34818716
 1190.89204664 1362.03433673 1551.18998074 1740.74728517 1640.67812722
 1731.72381352 1697.27456007 1779.76972738 1532.61662974 1441.48018006
 1314.53232319 1315.8261093  1386.18737609 1185.07248099 1108.00648379
 1192.73104082 1283.22373062 1279.47647197 1241.93488165 1002.39624641
  984.67440051  855.82064734  951.19819852 1087.64179449 1145.03045586
 1223.14511308 1548.59859017 1558.66491673 1545.02330296 1909.11282808
 1849.77686855 1889.23390375 2307.20664417 2141.9690766  2142.79813851
 2651.34794249 2651.74368491 2458.31075027 2329.88422806 2929.19508145
 2879.1928366  2313.22355242 2531.10758077 2730.3236175  2648.98305935
 2758.37977369 2738.96926923 2777.72419994 2389.87676716 2580.1921799
 2805.92239395 2801.82743881 2763.8793049  2726.4218199  2668.64726119
 2734.32556827 2987.14032032 3015.43626598 3140.76101575 2948.22292425
 3021.19044675 2985.02460115 3011.85077461 2354.9763241  2525.79573835
 2082.42131998 2071.57268898 2401.84230753  914.70433299  734.13203532
  559.18195859  451.20087369  340.13844521  292.15481387  247.05377172
  259.3736298   266.37527143  274.64416521  239.94016542  492.24356701
  428.83519618  267.28297448  339.20837986  284.81378744  315.58677809
  342.94866939  395.0911389   456.74640986  529.31642699  564.1534314
  522.45641359  198.08561317  663.22922987 1151.62216097 1165.77803404
 1107.49337173 1071.61569548  966.59231903  948.11623302  909.08707215
  885.01715634  866.05918724  875.82498949  828.51801905  843.48634292
  911.9883955   834.96821643  881.89233694  905.65930557  957.63344891
 3652.5281629  2178.24460983 1382.87054519  965.57310552  816.2645985
  777.88032783  780.92905343  767.16588322  782.01856427]
[ 643.26448683  610.75135444  562.20351407 ... 1376.73731444  910.65220915
 1395.74831116]
[643.26448683 610.75135444 562.20351407 ... 594.64944359 577.99630427
 616.65747516]
[643.26448683 610.75135444 562.20351407 ... 753.17156943 779.13706235
 593.02354294]
[643.26448683 610.75135444 562.20351407 ... 726.73121032 664.14333779
 683.15013482]
[643.26448683 610.75135444 562.20351407 ... 502.55379918 487.282525
 507.1056524 ]
[643.26448683 610.75135444 562.20351407 ... 348.56656056 335.93386663
 345.0633463 ]
[643.26448683 610.75135444 562.20351407 ... 905.0633321  822.69184542
 724.78955699]
[643.26448683 610.75135444 562.20351407 ... 897.07439162 919.70406016
 871.09923106]
[643.26448683 610.75135444 562.20351407 ... 897.07439162 919.70406016
 871.09923106]
