20140906 426.50557927996937
20140909 450.2395917802781
20140911 1054.084812115324
20140912 621.571559130181
20140916 1829.8736105016837
20140918 595.1910676141384
20140921 746.8290439228786
20140927 599.5147149732286
20140928 524.0612332274193
20140930 1069.886699466754
20141001 1051.9437641205268
20140311 2031.6785139027957
20140317 4787.118965111053
20140321 1893.403633620235
20140322 1040.037261635479
20140323 1109.2061486996763
20140326 2228.206346893768
20140401 2862.5874174926557
20140412 2169.609342333979
20140418 1430.9685205865255
20140420 1428.712202724438
20140421 950.5154311601432
20140423 1256.8545865623812
20140423 1171.1655011937767
20140516 1716.0249838360182
20140519 1718.805302687369
20140520 5663.83968436266
20140530 689.5357741526936
20140531 1211.0770903915663
before filter:  (3091,)
after filter:  (3086,)
before filter:  (4737,)
after filter:  (4714,)
